0111001001111101110000011101010011111011101011100111001110010011
1111111010010000100000110001100011110110101000011010100010101001
0100010000010010101101001101101011111001101101001011010000011100
0000001011100001110100001110100001100110101100110110111000110010
1101001100110011001101111011011100000110010010000001000100101010
0000110011001111000100001110110101010110001100011100001100111010
0001110000010000001001100010100100111100110001111000011010100001
1101100010110000000011101111010011110111100010000011101110001011
1110010010011000110001111000000000011000011111111100001100010000
0000000001110001001011000110000010101110011011101110100000000110
0101110000001101000111101001101010100000000100001011001011110110
0101010011100111111010100110001011101110101111001100000010110111
0011001100110110000100101010000111001001001100001011110101001101
1100111001111001001000010100000100001110110010001010111110010101
0100100101110000100010101101000000100111101101011000011011010110
0011010011111100110100101111010000101001110000100010111110111101
1110100010111001011011011001110010001011100101101111010111110000
1110011000111110000111000011100111100111101111000011101000100101
1110011111001110011110011001110100101000101001011101010010110110
0111100011010100010000001100010010100101100011110010100001101011
0100010000001110111111111010100000010011010001111101011111001001
0111000111110100000101100011001001001010000110000010010111101101
1111010101001110000100100001000001101000111101110101100100000000
1110011010000001101011010111110000010101100000001000010110011100
1111111010000100110101001111000111001111100110110101101000001100
0101111110101000010011100111001011010101011010010000110001011101
1110010110001011101100100101100011001110111011111001011001100000
0100001000010101010010101111010110000110110000010011110100010110
0111010001011101100101100100100101100001001011000100100100000111
0110101001000000001110110111010010101101101000001011001100101000
0111100010001011101011101000100011011001110101000101100000100100
0000011011100000011110110001100110010100100101011001000111100000
0101011111001010001000111110010101101001001001010110001010000000
0000100101111011110110100010101011100000011101011000100000010001
1111001110000111111100001010011101111100010100100001010111110100
0110010011010001110000000001000001100100000110100000001010100110
1111001111100111100101011100101111011111010100011000000000100000
0000000001001001001011000000001110000101010011111101100001110100
0000111110110110111000001111001111100000101100011110000010110111
0101100111110010001110111111111101000111110011011110001100010101
0101001000011100011001011001100100010110010101110100100100010011
0000111011111110110000111000010001101110100101111000101000110111
1001100001010001010010001001101010010010111111011100010011011011
1110000001101001001110000010100000001011100111011011100110111001
1110111101000001110100101110110110111111111001000111101100001101
0010000000111111111101110000011111111110011101001011000011111110
0111010001110111101110101010001010011110101111011100101010101001
0101000001101110111101110111000011010000100010101011001010011100
1011011100101010101110000110011010010000000010001011100000110110
0010100101011100010100001111011000010001101100011101110110111010
0101001110001000010000110001111111110111000110100000010011010101
0101111011000101010010100100011100101100001111011111100111001100
0110010011101001110110100101000010101110110111101010110001001110
0111010101111010111100110011010000101011001110001101011011100101
1011111100010011100000010100101111011111100100010101011000111000
0110110000011010000101111010110011110111011111101001101010010111
0101110011001001101100100001011000010100110011100011000011101001
1101101010001110010000100010111001110000111100000001111100100111
1111100001101001011111001110011110011111100101001110000111001011
0100011101001110101000001100100001100010101000011100100110000110
1111010011101011100001000010111010110101111000010010001010101100
0001100010011010110001101001101001011100010000001010011110101111
1011101011111110001111001000100010110101100010000101010100011001
0001011001110011001101000101101110001100010011110000101010100100
1100101111101111001110100111110011010100110011111101101101011111
0010001001000011000001001110000001000101000110111010000110001001
1111001010110101101111001010001111001111110001011010101000010110
1110111111010100011110110101011110110101111110100110010001010101
1100110111011011101101000011001010000010111010100110111010000100
1101010010110000010010001000001010000100100011100111110101011100
0000111001101010111000011010111101100001110011001101111010011000
1111111000101000010000001001010010100100010011011101100111010100
1111010110111001100001010001000011101001110100111000111011011010
0110010100101000110010110101110111001001011111100001110011000000
0010000101100010101100111110101100110001010011110111100101111011
0010011100111011100000000001100010101111111111010110111111011111
0000111100001011000100101111001101111111011000010011010010010111
0111100000101110100100101110011101001100101000111010111100111101
1000011111110000000011101110010010001111011011001010101000101010
0011001110011101110011000111000111001100001111110101011101000111
1000000001001100110000000101101111011100010001010110000011011100
1011000010101010111100000011100100110110011001111001000101100001
1101011100010110111010101101111110001001011100000011011000010111
1011100001101011011101001001011110000001001001001101010000110010
1101001101010001111010101011011101101001101111100000100110110111
0011000001000111011010100101101111000110000000101010011001101000
0101011110110110010001010110100111011110011000111011001000011000
1001000011000111111100111101100100000100011111000000100110110001
1101001111000000111101100110110001100000101101101010110110111101
0010001010101011001000101110001110110001111100101100001111011011
0101000100010100100110111010110011000000001110011110110101111110
1010100111101110001101101000010100100101000110010001001101011101
1110010110000100101011100111110100100001011110000010100111101001
0101110101101101000100111100001111110111111000001001001010100111
0111100101011111111101011010110000111100011110101111001100001010
1111001100100011000001101100101101000000111001010111100011111110
1110111100000100111001101000001101111001010011110110101001110000
0000001110101100011000110110001000101011101100011000100100001101
1010001100101101001100010000000101001000111111000111110010000101
1110010111000000111001111000011001011001100110001011100010111001
0010110111011100100100111010010111010011101100010011111011111000
1100100001001110000101010110011101001101000000000100001010101100
1010101001001110100011100100000011011010010111100010100111011111
0001010110110111110011010100010111100000111010100100111000011110
1100000101011111001011001101100000110011001110000110001110100100
1111100111010101110001010100001100011010011001001010110101000110
0111010000010001111000110101111111011100011111110000101000000100
0011111010011011001111000110001111100001000101110011101011001010
1101111111000111101000010010000001111101000100000100101001100110
0001101101111110100100011010000101110011110101101000111100000011
0001011101011100110011000001010111100111101100001100110011111001
1100100010011110010110000000000010101101000101010100100010111111
0001001001011000101100011110100000110001111000101101011000000010
0101010110111000100111111001101000101110001100000100011111101101
1001101001000110011001101110100111000100011101000101001100000010
0111110000100111110001100010001111011110001000110111100011101000
1110010010011100000011001000011000110010010101100110001001100011
0010100001010000001111110110101011110001011010000111011010111010
1110110011001101010100101100101010100010100011000110101101100100
1001111000100010110001111011110100100010000110110001011010100100
1101010100000100010110001111101010110001000011001101000000011110
1100110110011100011111101010010000000100101101100000000010111100
0000101101000010101011011000010010111011001001011101010110001110
1110111111011001000001100001001100110001010110010001101101000110
1000101001111001011000001111011001111010011100001101000000100100
0110110101101101110110001111101011111001111111011011110100101111
0111001110110001101100011100011111101100001010000101110011011111
0001101011100111110001001100101010100010011000010000110111111111
0111001101001010011100111001110101111011011111000011111111110011
1111111101000000001100001110100010010011111011100010101100001100
1000010100001111011100100110110101000100100011110011110110101010
1000111111100001000000101110110011100111110010100111100001011001
1011010111001011000011011111111010000110011010011001010011111001
0000011011100001110011011001011010110111111010100010001011000101
1010101101010001110000101111101010111100100001110001110101111110
0100001111100100101111110011010100100111000111001111000101110100
0110000000111001100011010011100101100100101001101110101011001011
1110010101101000110110110100101111101011111111000110010000001001
0110100000010010001000000101110100111101111100101001111011010001
0011011010000001011110111100011100001101001101011010100010000110
0011111110101000011110111001001111010001000011001001011110010000
0000001000011101010101100010000100110111010000111110111000111100
1000010011110000101111101000001001011100011001000110100100100110
0010110010001111110110111011111000101001111000010001000101101100
1111011110010111010000010010101101110011100001001010010100110011
1010100100110111111011001011110111000101100010111101000001101011
0010100010101100110001111100001101100101000010011101101110101011
0000010111110100110100100001101001011100001001110111000100111110
0011100001110011000010000111111111110000011111101101010100010111
0000001100111011101001011100110011010010000110010100000001100111
1101000010011101101101000111101000011100100110001001101101010010
1111001000111011100001000110110110101110011001011001100101101100
0100111111111110110000000100001001011011101111111001000000111101
0110101101010111010111110011000101110101101100010100100111110011
0000010111011000111101010110011000010000110000111100011010101100
0110111101110000100001110000001010111101100101000101001011111000
0011100110001000000011011110111100000101100001111011001101111100
0010100110110000101100101000000010100001011100100101110000110111
1000100000111010100010100101010111001101101110000101101100101010
1101011100010010011011101000110110001000001010000101101111101000
1010100101011000110110110111111000001110000011110110111001011000
0001001100100100011011101111110100000110001010000010101000011011
0111010111011101011100111011101110011000110110110011101101100011
0100011100101110001101101100101100101101101000111001001101011001
1000000001101101000110000110010010110000010000010000000000110100
1100101100011001110010111000100100001000001000111111110111101001
0110000100000001001101001111101001011010010001100101110001000010
1111011111011011110011100000100110100001001010101110000100110100
1101111001011011011110011010000011111100101001011101000110110010
0110100100000000101001011100101100110011101011001101011111011110
0101010110110001000001110000010001000110101111111010001011000001
1101110011110110110100101000110000101010010100100100101011110100
0001011101100100001010111100110110000110100010010010110010001110
1110101011101110011000000111101011111011001011000001001111011110
1001011100010111100000111001111101110010000101011101011111110000
0111010100010001101110100011111001111011101001010100011110010101
0110000110000110000001100101001101011011000011000010111111000110
1010100110110010100001010100011010011101001100111110100111010100
1010101111010011010111110101010001100001111011001001101100111110
1011111111011100111000100100110000010100100010010111111110110000
1000101101111111100010010100000011111100011100110011111000000100
1101000100110110100001111111010000100111000110001111100011010010
1010011000011000001100010101001110111101001101001001101010011101
1111011101101110010001010111011110011110110111001111110110100000
1001000001101101101010001111101110110100101001000000111110100010
0101001001100111110010100000011011010001011001001010111010001011
1100000100100001001111010111001001011110111101011010100110011111
0111101110100100000000111101101011111111010100011110010101111110
1000011000110110011100011100000001100010000110110011001010011110
1000011111101011011101111110101001101111001000010011011111011100
0010011000000000011101100000100111000100111111101110111010001101
1011000111111010100011010000001100110100101101011110010111111000
1101010101110011100010100110110011110010101010110101100000000011
1011101010000110100110110000001110011101001000111010100110010110
1110101110010011101001000000011110011100111000110111100100011010
1000101000011011100000100110011111111111111000001111011101000010
1011111101000000010111111110100100110110101100000000110110010100
0010111001000000001111111000110110011100101100000110010101100100
0101001101000101101111111011111001011010000100110011101001000000
1001110000100111101000010100001100000011110101010010101011100110
0010111101100101111101001000111010001000011011001001111100000111
0011111110101111010001110001011101011110100001010010111101111000
0100001100111100110110100001100000001110111100000111010111100111
1101010100110011011000110011110010000101000010110010100011011000
1010011001101110001010010001101100101000110100011111101101000010
1000000011101000111010010001110111000101001100101000010000101011
0101011010100000000010010011001011011111010110011011011101000000
1001000100111011111101010111100101011011101001010010111001101110
0110001001001100101011101011000010011011011101111110100011000100
1111100010000011001110010011001011101001111000101100110101010101
1101111101001010110110011111010110010110110000100100001010001000
1001111101001110001011010111101110111001101001110001010101010000
0110101110100111101011011111100010010101001111110111110011001001
0000110010000100111001001001001100100011000011111000101001001000
1011110100110010001001111111001001001111111101011010101110110100
1000100001100111100001110000001101101110000011111000010100010011
0110011010011010100111100100011110100011110010010000101001101100
0001100110010000100001000001111110001000001000111000110001111101
1100011110011001101010100110111110011101110111010100010011000000
1010110111000001100001000101100110111111001110100000111110001110
1101010100010110110011111100100001110010011101100011110000101110
1111011110101011101111011011001111101001110011010011111111100101
0011110011010101011100111101000101011000110000001110110011011111
1101101110001111001010110000101001010101101111110011101101010011
0010111001011100111010000101110101100111111011011010000001111000
1000000101000100010111000110101111101010100101001110001010100100
0110001110010011000100100110000000100100110100101110100100000010
1010111001100010111101011011110110000011000000110010111101111111
0101010011011110101000100111001111100100110100100110111000000011
0110100001110010100101000110001011101001101100001100100101111110
1000100111111111001001100111110010001000011101101010011000111100
1101001011110110101011100010000001001011001110010110101101010110
1011101100000110001010100001000101100101110011011001101101000011
0011001010000000011000111101001011111100010111101000010011111010
1000010000101011110010100111101011001101000011000100001010010011
0000010001001001110101101111001101100101110001111111001100101100
1011010110100001001001110000000111110011110111000010101100111011
1001011011001011100101011011011110000101000000100011010011011011
0000000101010101010110001100101100000100011111100101010110010010
0010110011011100110011010011011100100110001010011011110001110101
1111011011000111011011110101010100001110100101101110010010010011
1000011110001100011100111111100100010000110111010000011011001101
1011001011011011101100000111001101110011010000010100010100100011
0111011100000000101000100101011001100101110101011000100011111001
0011111110010111001101011111010000010011100110000001100111111010
1101001011110011000101110011111110000000000011100010111010110001
0001110100010100011011010100110010110011111100011010111010110101
1001011011100000011111001110110001000111000010010011101100011111
1100010001101000010110111110111010001000001000010001110111011111
0100011110001100001111011001000100001000110101111011010000100010
0010100111011110000000101000011010000000110111001010011100100101
1010111010110010000101110111101001010101101100111101101010000101
0101101001000001011010110001011001111100100011111110010001010100
1001100011100000111101000001001111111010101111100010000100000110
1101101001010101010100110010111001100111111101101111001101110100
0001001010011010000101011110010010010001011111100010000111000000
