0111111100100111100001110111100100010110000000110001001100101100
1010101011001111010100100001100001001100100100100000011000001000
1110000000110001100111101111001011011010001101011001100100011011
0000100110100101110101000101110000010001101111000100010011000100
1100101100011011011101111000101100100000110100001010001101111100
0101100101001101111011111100010101010111000110101001111010000011
1001111000110011010000010001001010010011001001001110101101001111
0100001111110101011010010111100010010101011111101010101000100111
0101110101011111110111110011000100011100000101011100100010001110
0001001001110111011010010001010101100000100010110011110001000110
0011010011111010001010010011101011101011010100101110100101111100
1100100110111010001001010000000001010100000101101111011100101101
0001001100000010111011111000111110110101100011110100101001110011
0011101011111101010111011101110100010101110101000011110001100001
1000011111100010110100000000101000100101011100111110000101101010
0000010111111101100001010000010110110001001110101001101110011100
1011010001001100011000110110111010011011100000100110011111011110
1101110010010011010111011000011000010011100011110010111111110011
0110011000100001011001001010100101110101100101011010001111010110
0000000001000110000101011011111010101101001101010000110000100000
1000100111000100101011111010001110010001011000101101101111101001
0101110010001101101111010011110111100000010101101110110011010011
0110001001011010100111101110000100101000100010011100111111101110
0010100000000011000010111001111101011111000001110000010010111100
0111100000010001110101010111100101100101101100100111011100010011
0111011101100001101001100111101111111001000000011010100111101000
0100000010111001011100111111110111011011000100111010110000010010
1000001100111000001000110001100100111111111010110110101100101110
1011010001001111100100010000100111110000111100101100111100001101
0101000111001110101110011001100110110110111110000110000001101010
1010110011100101110100010010110100111100001001101100001000111111
0010011010000011001111011100111010101000100110100010110010000111
1011110111100101110101000100111000001100011110010000111110010110
1001110100010001010101010100100101011001111110001010010000000011
0110100100100001101011101101111001111011101111100101010000101101
0111010101101101010100010010100110101100010100000111001101111111
0010000100101000110010001011011101010110101000101101001111011000
1111111010001100010011111000111101000111000111010011110101100010
0011101100010111000000011111111111001001010111010100010101110100
1011110100001011011000101011110101111111110100000010000111100010
1111011100101010010111011011111000010101000100111011111010010101
1010001110100100100000010111001011001000010110100000101010100010
0111100010010011110111110001000101100011011011110001011010110000
0001011010011101010100001101001110100100111100100101110000000010
1010000100100001000101000001000011100011000111010010001001010110
1100110001100010110101101001000000000010000111010001110001101010
0110100000001110100011011101100100100000100100000010001000100110
1110010010000110111000001011110110010001010110000100011000111110
0000111111001111011111100110000010100110001111000110010111010101
0010100110111000010110001101101001010000011011001110111110100111
1010001010001001000000010010100101001011001000101110101101000111
0111001001110010000101000001101001001101100110000010111101100011
1100101100110001000101001001000101100000010011100010000011101000
1000100001100100110101010000111101100100011101001011001100001001
0110000011000111000111111001001100001100100101101010100101010010
0010111101011110101101101000000111010111000011010011111001000001
0001001111111100011111100000101100101010011001000100111010001001
1010010100000010010100110011011100000110111101101111101001011100
1010110111010111100001010100101111101000100100001110111111011101
1101110110000001001000011110101000000111000100011001011110101011
0001110100000010000011011010000001000000100011111110101000110101
1010110011100111111001101001101101110100010001110000100110110011
1001001011111101100001110100100110101100101010111011100110101101
1010100001100010111110001100010100000010011101101101011001010010
1010100101000011111101101111100011100110101111101011000011011011
0110111111010011110110111110111011011001111111100010100000000000
0010111100101011101001110110100000010100100100001100110100100111
1110010110000111000101110110110011011100101011010100101110001000
1011100001011000000111111001101011010111100110011111001100100101
1111100001001010101011111111110101001101011001011100110011010110
0100101001001111000111000111100011100011101100101101000100111001
0110110100100011011100110010101101111001111100010110100010011001
1000000101101010101111000111011110110111010100100111100101101001
1100011011001000000001100001110100001110001000100010111110100010
0101101011100001001110100111110110100000011011111011001111001000
0000101000011011101001001101011000110010001010100000110110010001
0010000010110011001101011001101110101001001110101100100001000010
0001100010001010011000010111110101010110000011011010100011110001
1100110100011111011001110000001011100110101001001111011101101101
0111110011001110011100100111110010111000110011011001100011111001
0001010100000010101010010111011001110111011000111101111000111101
1110000011101011010000001101010010001100010110000010001001000001
0011111100000111111101010011100101011111010010010101011000100101
0011110110010001010111011100110011010110110111010110111011101000
0111100111001001110100011011000110000000001011010110010011111111
1101011100101111100011110001011100111100101110011010101111010101
1110101100000010011111101011010110010001010100001000110101100111
0001011000010011100001010011100001100000010000101011011100010001
0010111110011000100010001111101111110110111010111000111010001011
0001100110101001011100111100100011111111011110110011000100011001
1001100110100111010011010110001010010011000110010111000111111001
1100111100001011001110100000110000111001001100000111101010001011
1110001111001100100011111000100100101110010111100111000010010001
1100100010011011100101010011100101100010001000000100110010100101
1000001011111110101110001000001101100111001000100010110111101001
0001111000000001110110100010110011111100011111100110000111100010
1000110101001011101001000011100100100000010111010110000101110100
1010100100110000010111000001011010001000011010100011010110001000
1101001011111000100011101100000010011011010010110010010000001111
1110110111000111010101101101011110100000000000001000000100111011
0101000110110010011011000100001101011001111100001110111010001000
0101111010101011010010001111001101001100111111100000001111010100
1100111111011110001111001000010110100111111001101111010101101111
1000111000011010010001101001111000101100010110101011110111100101
1111110010111111110110111111100000001110001010011101001110011010
0011101101101001001000001111010000000001000011111010111001001101
1101100100001101010110101110101111100101000101110011011110010101
0010110110101001110001110000110110101101000001011110000011010110
1110101000010111001001001000001011100111000000101100001101101011
1011101100000111111101100110101010000001000100010111001100011011
0100011101100111011101110110100011110111110111100010101101111111
1110011111101010101010001001010111011100010101110110011001100100
0111000001101100011100110110000111100111000010011110000110010010
0000111111000100010100011111010100011100010110110011010010001111
1000010001010110010000101000000101110101111011000101100101100000
1101111101010011100000111001011101100010000010000011000100101001
1010010110100001000110100111011100001001100101101010100110110101
1111001111111010110110001000100000010100000101101100101101101010
1111100101000111010100111011011100100000000000111111000111111000
0110111010001100111110111111110010011100011110110010011100000110
0010101101000000101110011101001011011010001000001100101010100010
0101101010100110101111110100110011000100110010000001110000001011
1010111101111000110001000110010111001000100100110100001011101000
0000101111110101110110001110000001100100100010100010011010111101
0011100110001011100100010110011100110101001001110100011011111101
1001011011001001101101001100001001111101011101111000101100010000
0011101010110011100011100100010000111010001111101000000101010101
0010011011000000001100110101110111111010110100010010100001111001
1111100100000010101110101111110110001101000011001001101001001110
1010011100011011101000010100000011101111000100101011011000110111
1111011000010111010110101010101100000010101110001000001001010100
1011000111110011011010111010111110011000001010011101110011000100
1010001011101110000111011000011000010110110110000110101111001011
0011100011011000000001100100001001011110110111000111011000100100
0011110101001000111111111111100000000101100111111011001001010001
0101101000010010100101010100010011011110010101101001000101100100
1010101011101110011001010000101000000010000111011110001111101011
0111100011011110101100011010100101010010101011010100100010100101
0000000000010001000101110101111000111101010000000010110100010001
0101111011011101011100001000001101000100110010000100010110111010
1010010110000110110100010101001011111011011101010001010100111100
0010010110100000000010101100111100111111100101001001101101111001
0100110111011100111001010011001010100010010001011100010001011011
1011001000000111100101100000001010000110100110111101011010010011
1010111100101010110111100100010001111111011111011100010010010111
1111111100101111100011101100110111010000001101001111000011100111
0001011000010100001101111100101100110110101001001110101000111101
0110001100001001010110101100110011010010111100101001111110011100
1010110110101001101111001011010000101101100111011001000010100010
1110111101110101110110100111000001010000001111000001000011111011
0010010001000100100000111110001110100101010001111110000010000100
0110101011101000111101001001101010011001111111101010001110010100
1000010000101111111001101101100110000010001111010001001001100100
1001101101111011010011100100011010101000010110010110101011000101
0101101000101001001001011100111101000011100010010000001110011110
0111111000110010101111010110001111000010100111111110100111000011
0111000100000101101111000010010100011101001101010100100100010100
1101011101011010110010011100111000101000101010100011011101111001
0011101110001100001101011110111001011010101101100001000011000011
1111100110011011111111100101001110010111111011111001101101000110
1110010001111010011010110011000010001011011010110010110101110100
1100110000111011111010011010110000010011000001100001001010100001
1010110110001101111001001110101100010010111111111000011011111111
1000010001110011110110101010010100111111111000110001110010010101
0010011101110100000110111001111011010000001111100100100000101101
0010011000000011000011110011011101101110111000010001110011001111
1111100111111001001110110101010000000100001000010110100101101001
1101010111100110111100010101010111000010001010110011110100111001
0100100001000100001001101011110010000010100001110100111010011111
0101101010000001110001011001010010010110000110111111010010000010
1000110010010101100010111110111110110100111010000001110000111010
1111110011011010011111011101010111001101110001001111000011000110
1001000011010011000100000000110100010011100111110111100010011100
0101100101111011111100111011100000011111010010000100111111010111
1100110101101000001011001110110000111001000110011001101001101111
1101101111101100111011111100110001100110001011000110001011110101
0010111010100010001001000101011111010111101100001000101111011111
1100001101000111110110010000101100111110000011001101011010111101
0101001101111100011101101010111000010010110111111110011100011111
1111011001001011111110011111010000000101001100101111001110011000
1001000000000001100011100010010100100001000100010001001011001100
0110101010000001111100000101010110010111011111110110011100101010
1001100010001010110110010000100101010000111101111101110110011111
0101011100100111000010000010010001011101011101111100011011011100
1111100000101101111101101010101110001101000011101011110111010010
1101010000111011011100100001100011110110111001111101101100011010
0101111101101000001110001011110101101100000001001001100110011000
1011100010111111100101111111000011010111111101010100011000110110
1000111111011000010011101101111000100110000110000011011011110101
0100111110101011001001010000001010111001111110110100110010100010
1111111111011100010011011011110001100010111010110110100100000001
0010011001110000010101111101100000001101100000101011001011110000
1110001010111111010111001100111011101100100100110110100010011010
1000110001101101111011100101100010110111111110011110010011100000
0000001000010000011101010010100001110001110000000010001101100101
1101110110110100110111011110000001111000110110101001110111011111
0000000001011000110111000111101110010001100111111010000010100111
0111010101011101111100110101110010101001100100110011100000101001
1010010110010100101011000001101010100001100010111000010010101000
0001001011000010111010101010000010101010110101110111101010011100
1001110101001010000001010101101001011011111010010101110001010010
1100101000010011000101011010000100001100101111010001100111011110
1111110010010000100110011000010001110101010110101101111001011011
1000000100010011110010100001110100010000101000100010010000010100
1001111001011100000000100100100010011000000001110001101101011100
1010101110100001101101100001111001001110000101001010100110111101
0100110101001100001101110111011010110001110011010101111010001011
0111000010101000011100000101101011010111001011011000010001111010
1001000100110011011011000111111001011100110111101100101111111011
0011110011011111010110011010110100001001001011101000110111011101
1000111000011001110101001010111000000100001110011111110111011001
1111100101101010010010101111011111010110101010110111001010000111
1011101100111011000101100111110010101001000100001011111100010110
0000100110010111000010000110001100110100111101000011101000000111
0010001101001000011111111110001100110000111001010100101100110001
0100101101000011010000000100100010011010010011111010010110010000
0111001001110100000011011100001010110010100010101010001011111100
0011101001110000001101111000111001010110101101111010011110001110
1110001010010111000011111111101000000001011010011110011011010111
0111011111110000110111101011111101010100011010101000110011100111
1100101100001111001001100110000100100001001110001010000110110111
0100100000000000001011111000000110001100101010001010110010000110
0001001100101000001111111111110100100010010111101001111001101110
0000100000000001110100101111101011001111001101101110000011111111
1100001010101110011010011100010000110000001011001000001001001010
0011111010111110100011011100011110101011001110001111001110110101
0100100011000011001010111110010101101001000101000001011000110001
1011100110001001000100000101011100111010110110111000010001110110
0000100001100000111101100010001100101110111000011000101110111110
0011010111010101110010010101110101001011011100110111101111100001
1111000101010010101000101110010111100011011000101100100101011011
0110110101100101100100101101010101010110010011100000010111010001
0111110001000100011110010001011010001010100100001100010001010111
0000001011000111001000101010011001111000000100011011000010001011
0111011101000100011011110010100011101111101110100101000011001011
1010110100011100011011010010001000011110000100110010001111101010
0001101101101011000101101010100011111100111111000011000001001001
1000010100100011011111111011010001101011101000010111010110000001
0000010110111001010111010101000000011000110100001000010110000011
0110011110001000110001001000110100111101001011001011111011111010
1010000101110011110110111000000011011010111000110100001010110111
0010001110110110010010000011110001111110001010011110110110011101
1101101100101100110001000011011001000111001001010010000000110100
1000001110110100011101010011001110111111000100100111100110011100
1010011011101000101100011001000001011011001110001010010101001101
0000110011101110000010111111110010001101010110100011100000100000
0110101110001001010001001010010100000011000110011000011110001011
1101110101010101111101110111001000110011010000110001100011100001
1000010010101110000101111111101010011111011010111110010110111110
0101001101100010000010011000110101100000101011000111110010011010
0000011000101010000011000110010000100100110000100000010101111100
1111110001011011100000000010100010011111001001000011010101101001
0010110011100101011111110101110101111001101010100111111101000101
1101010100001110110000000011001010110110010111001001001110100001
1101001001011000110100010001101011100000100011110011001111101011
0000001001010001011100011011111111111101111111111111000000000101
