1101101001111010011111100111100011011101011001101101000001110010
1101001000111000111100111110111101010111111001110001010000100010
0101111001110110010110000100011101110000111000001001110001111111
0101000000011010110011111111000011110110101101111100100001001110
0100010011110011011101000010100011110001110000100100110000101110
1110100111010111000100101011111111111010110100001010100100011010
1010011001000001111101100100010100110001000111110001111010110111
1100011100100100011001110111101010110111001000111001111010011001
1000101010110010111101000000101000110000110001000110000100101000
1001011011110110010000110100001011010001010011111010111101001100
1100110100100111101101111010101110110000111101011101001101111111
0010100111111110011010001111010000111010100101100100011100001011
1111110101101011001011001011001010111010110101100000101011010000
0100100000101010010100011010010011000011110110110011001101010101
1111111110001111010001010010000000111100101111010110000001110111
0010110001000110000111110100110111100110010100101010010001000100
0100000001010000111010101111010010001011111110010111101010101110
1100010011100110111011101000101000000101101010001101110001101111
0101101001111011000110111010010100101001111100011100010011101111
1000001010111100111001111100011100111010101001111010010011110111
0111011000111101001001111010000110000010001100110101001001000000
1001001111100011101011011001110001110110110011100010110101001000
1011100110110000010101110011011000011001011110000111010100111110
0111001100000010111101111110011011101100011100001010000000111101
0111001100101111100001100100111110010010001000001000000001110111
0100001111011100011110001000010110010000101011101001000011100110
1111111100001001100101101011010011110101100101010011111101001000
1000011100111100001011101100011011000110010000100010001101110001
1101001111100110010001010010001101111100101010111001011000101011
0000000110110110101011001100100101001110000000110001010111111101
0011000111000000110101101111000001011101111111101010100101110101
1011110110100010110011100100110101001001011010111101010110100010
1011111011001011000011101111001000010101010110001100111011001000
1010110011110011001001100101111011100110001001101010010001100111
0010011110001110111110100001010111111111010110101001110010110010
0111011000111000011100000100100101100101001101011101110110001101
1010111110100011100000111110001000110001111000110001010111110001
1101110110000000100001101101000000010110011010110111110011111100
1111000001001010100001101000011001111101001101101011001010111011
1110101000110001000110010000110101001010101101111111101001111101
1010100000000000100001000011111011101000111100010110000011111101
1010000000101101011110100111011110100101010111010011100100001000
0000011101110000101010100001100110101100110010100101001001000010
0110111101100000100100101111010100001101110011100111000110110111
0101110110110111011011110000111110001011111000011010101101111010
1101110000100010000101111011101101001110101000011000110010110001
0100000111000001001110110111001010100101101110001100011001111011
1111100111100100001101001011001011100111100111111100110110100001
1010100111100011100101111011110110000001001110101011011001110110
0111111010011011000100100011001010001010101010011100111100011001
0110010100101000100101101110101101010100110100100110100001100001
1010000000001101100101110000010101010010111001010111000000110110
1000100001111111000100101111001101010001110001101011101110000011
1010110010010000010011001001110001010111110101111100010101111010
0000100111010001100001010011000001111101111100101001110111100001
1000000011110110100101101111011100100101011001101001011110100100
1100011111000110111011111110001000111111001111110100110101000110
0100100100101000001100101000110100110010010100110110101000001110
0011101010001010000110000110100100110000001110011000001111101110
0101100001100011101001011010101010011110111010110011101010001011
1101001111110001010011011110010001001100000011001100111100110010
0111101011011011101111001100110000000111010101001011010000100101
1000001100001000100111100101100100101010100010010001011101100110
1011101010111001000010001000011001101100001100011011111001111000
0000111111110000110011101001101110111001100001011111000111100011
1001100111010101110101110110000110010100111010011010011111100101
0011000101110110101100100001111101011000101110111010001111011100
1101011111001001111000100000000011000001111100110111110011000100
1010100100010110110101000101010101000010011011011010000001000110
1001110001000110100000001011000000000000001010101010110000101011
1010011111111110100000011001011000011101001000001111001000010000
1101100001101001110100000100110101100001010001111001010010001010
0001101100000100000100000010101000110001101001110001100010000001
0110011111011011001101011001000000100000000011100101010010110111
0010000011101000100010011011100111100011101010010110001110001011
0010110000101101110100000010001011111000101011101111100100110111
1111010110111001100011100100101101011101101001100111100010110110
0001101111110100100011010110001101111000100100010101010001110111
0000101111110101110111011010111101010101101100100101111101100010
0010111000100100010100100101001110000000111111110000111000011111
1111010010111111101001001011100100010000001111010101101001010101
0101111110100011001000000111010010110010011011101010011010111100
1010011101100011010110010110100111110100001111011011011011010001
0000100110101100100111101101011100001111100010110100010100011100
0010100001111000010111011011001111111111010000010100010101000110
1010010000000001011110100100110001010101001001001010100101000000
1001101110101000101011011100100011000001000010110001001010010011
1010010010011011000000001001001001100100100001110001111110010100
1000110001100011001110000011100001011001001111000010011011010011
0000011111110000011100010101010110000000111011101111010110010101
1111000000100010011111111011011100010011010011001100001010101001
1000111001110100011111000010010001110111101100011110011110110100
0101001010000000001100110110101011010011011101011101100000010010
1100101010111111101110111100100101011100111110101011101011100101
0111110011010011111100010001101000000011101100111110000000111000
0011001110010110101011110100100101000001110111000101001111000111
1110010000111001101111111001111100110001011001001111000011100110
0000001000010011010011100001001101001011100100101011110111010101
1110110101111100110110110110001100011111011010001111111110000111
0111101100100101000001110011011010100000111101010101011001101011
1010111101100101000100110101101101111000110001111100100010000100
1001011110110110101010000111110011110101000001101000110100000101
0101101010010001011010111011101110000111101110100110101110110010
1101100000100010010100110001101100001001101010010001001100001100
0001000110100000100100111001101101000011111010001000111011010010
0000101011110001111000001101010101000011111110011100011111000011
1011100111100100110011110011011001001111100001011111100101011010
0001011100001001000100100010101000011000011000000101111111110011
0111010011010110001010011100111011010101101110001100000001110001
1010110100011110001110011000000010110001101011001100010101011000
1011101001111011111101100110010000110110000100001000010100010011
1100111110100001010010111011000100110011111001111011111100101000
0000111101000000111000001010010001101111010000100010011001001001
1110010001011100100011111101100010000001100110000101110001001010
0010110001101010001000101100001111110100011001011101111010010010
1111011010101111000010001000110110111110000101110001111101100011
1001011101011000010011111011000010111000100001111111100110001111
1101011010010000010001101111011110000001010110111001110100110010
1100100010001001101001000110110100001010110000000001111101100010
0101111110111001010100000110000111001110001010111100000101001101
1111110100100001100101101110111100100110010000101001001110101010
1010010000010010110010011000001010110010100101010001001110011011
0100100101100110111100100101001100100001001010110001000001101011
0001101011101110100010100111110001000110001000100001111000101100
0110101011001010111011101110110000100111110111101100010101100110
1110011111100011001001001000001011000101000011111010100001011000
1111101001101000000001001111001010111000001011110001101010110010
0100010010010110010111010010010111011000101010110000111000011010
0000101101110010100100101101111110011001100101100010110100110001
0110100000000000111001000001000101001111000001111001001101000001
1101001011001011001001111011001111110110101010011000001111110110
1011010110011111001000010111010110001011011010110011101111100100
0010111110011110010001111111011001010011110111100110111001101010
0100010010110000001001110111111010101010111100011011010111001010
0111101111011011111110101001111101100001010101011100100101100101
1010101100111101000110101101010111000100001001111010001011011000
0010111111010101100000101101000111100111110001000001110000110111
0001010011100110010111011101111110000111000011011111101000010100
0111000111011110011101100111101100000000010110100010001001001111
0100100000011001001010010101010000000010100000100001000101100000
0010001101111000011000011010101011001000011111001101000100010100
1101000110100111110110000101001111110011101010000010101011011011
0010000110011101010011101100000101111100001111000011011001010110
1101111000001110110010101100000010010111000001111000111111101110
1110000111001010111110100001001110001001011011100111000111000011
1111010000100110000010111101111101010011000100001010011100101001
1101000000100001110010111111010000111010101001001000111000101100
0101000000100110001001101000010010100111011000001110111100100110
0111110100101101100011010011100110001000111000001001000100101101
0000011110110100001111010000111001001100110101101100000101001110
0001010001011101110111111010101010011100011101101011011101000001
1010000110110110110000001101100010101001101101011000101100011000
0001000001011110010000010011010000000100101011100100000101010101
0101111000000001010110111100000101100001001110111000101110100010
1001100001011011101100010000010010100000111101001100100110011011
1000111000111100110010000000110100000000110111100101101101100110
0010011110100010011011101000001001001000111000000001010100100001
1110010000011100000111000001110010000000110000001010111000110110
0110001111000100001110000110011010110101001001111000001110100110
0110100111100111110011101001111000001111010001111100110110000010
1011100110010110111110111101000011101000011011010000100010001011
1000011001111110011100001011101000010000100011111010000110001000
0100011011010000110010110000111001100100000010000111111011111010
1111011100000010010111111110101111110000100001000101111111000110
1111001011100100010010001010001100101001100100100000010101101101
0011010010110010010111101001010101101111011111100010110111010110
1111001111000101110000010110000011111111011101110101100000110101
0110101011101011010000011000100101111111011011110111101100010101
1000101000000110010111110011110110000011010110000000110100111111
0001010100011000001111110011000101111100101000100101111101011101
1001001001110110001100101101100111011010110110110100100110100000
0001001111000010000010001010101000000111001010110000011110100011
0100100010111110000010100110000000000001100000111100000101101100
0101000000101101100111011001100111011000000101101100001011101010
0100011110101010101011110000100111111011100000000001000101010001
1001001111101101111011011010100001100001101111001011100111011111
0010111000111101100011010101000110011010101100010100001010100110
0101000110010111010101010111100101111001110011111000101111000000
0000111010011101110000001110111110001010001011100000100110000100
1110111001001000001100101001001000001010010001110000011100111011
1110000000001001001001111111101001110111111000011000100101000101
1110010001101110001101011110110101001111111111011010110001000001
1011010000001101011101010001111001001001110101111000111010011111
0101100000001010110010000111001010011001000010000011000111011010
1101001100111110100010011000111011000110001001011101000110110100
0101011001011011000011101111110101001011011000010101100100001010
0011111110111001101110011001010101110010100001101000111101000111
1001010100101100110101010111111010100011000001110110001001110110
0110011101000011110100110010000011000110001110000110011110111000
1100100000010100000110010110100010001110010010111100011001011100
1000100111101101100001111000110100000001011100100100100010101000
0111000001001100001000010100101110110100101001100011111010110010
0000100001001100110001011110101101010100110100100111111111101010
1111000100000110101111110001110100001111011011110010110011000011
1100010001101100011001111001100111011001010100010100110011110100
0011011110100110010011010001011000010100001011110110110100011100
0000000100000000000100101010110111010010110111100111001010001011
0101011011000110111101100000111011110111010001101010111110101011
0001010110110111001100110100110100101110011110011101001000110011
1111010101001100101111111011011100100001111110111111011001100111
1100011000110011111110000000011010110110011010011000010001000001
0001110010010010010000000011001010111110010010001100000010111110
1001011101110101010110011010100000110011110101001100100001110111
0000111011011001001101101100111100101100010100100101100001001110
1100011111001010110011010000100011000100110010010001110011110001
1000011101100100101101100000100001010100011101111011000100111111
1001100001100111011101101000110101001000010010000001101110001011
0011110010010011110011010111100001101010000000110011011100011110
0011010101101110101111100001011000111100011011000000101100100000
1001000000110110011001001011101111110010010011111111100101100101
0111011011011001100000001001010101001000001010111111100100100011
0000010100011010111110101111111010010110101101110111101100011100
0101101010101110000001000000100111100110110010111011011100001100
1011110010000101010100001100000100000010111010101111001001100011
0011110000101101011001111110001101010111000011101110011000100110
0010011000000110001001000101001101100110111011101110011101000101
0111000001100011101001101101011110101011101111111000011011111110
0100000011010110111010111110110001000011001010001101010011110100
0011101010101111110011110111101011110001010100011000011001010010
0111111100101001110110001011000000011110011011001101000001100110
1000010001010010011110110100001010010110100011001100101100110111
0101100101111111011101101001100101101111101010111011010110000101
0000011101101111110000000110001101111001111100011000110101010111
0001011001000101010110010101110101001110110101111000111110011100
1111001101100000001101011100001101010111010010001001101011010100
1110111011110111001001000100110110101100010100001010010010100100
1100101101101111111101100111101100111111111011011111111000000011
1000001011000111110101000101100111011101001011001110001010001100
0110100110110010111100100001100010110110101011001110111011110101
0011001110101011111101001011001101101100010000000000100000001011
0101111111101001000100100110111001001101100011011001011111011010
0001101101100001010000001000011110001110101001001001010101000111
0010111001011011101011011110001001011001101110111001111011111011
1101010000001101000101011000001111000101001111111110100111000001
0000111000011011110011111111011100100101010011011000101111111110
1010100001100110001000110110010110100111101001101101010110000110
1000100010011110111001100001001110001011001101100000111001111111
1110011110000011100111010100010100100101110110100111000110011100
1111110011110111011110101001110110110011100110100110100011001001
0100110011000111101001101100000010100011011110100111111100101000
0001100001111101100011110001001111011100000000111000100011100111
0110010001001101111000000111100111011011011010001011110110001000
0001110111001101000110001011001000100011111001110110100000110101
0000111100001010110000010100101001111011010110011000011010101010
0111101010010100101100100010111011101001100101001111110110110100
1000010110001110000111001110001111101110100110101101001010001100
1111101010111001100000001000101011000100001101111011100000101100
1001011100101100101001110101101110111110010010101000110000000010
0101101010100110000110011001101111100000101001001010001111000100
0100111001110000101010001101001110001010000101111111011001110111
1000111101001011100001110000010011000000011100001000000110100010
0110100011011110011101011000011111110010111101100011010000111001
1000000110010011011101011010011010110001001111011111010001111000
0111101101010110101001001010110010000111000110101100010101011001
0001101010100110011111111010000100011111011101011010100101011011
1111111001101111110101100111000001010101000110100100010010111101
