0110010100100001001100100100010010011110111100110101100011000101
0011111111011111101000101010100100110100100110011111001100010100
0001000000100101111100001000111000001000110110111100011011000010
0110000011010100011000001011110110010000001001101001111100111110
1110110101100110101001101110111001010000001110000011101110000010
0100010110000110010111101101001100001001100101101011011000010001
0000000011111101011001010011101011101100110100011001100101100001
1111101001111001011010011000011111000101001110100010011110001100
0101011101001010000110001101100000010010110100100111010101001000
1101100111011001101000010011100011101011000100111011111110010010
0001000001011100010111000101011111011011010101100110100111110001
1100100010000101011101110111001110101011010011111001110111000000
1010110011110000101111001100111011111101011111001110110110110010
1101100111000110001001110101110000111000110101110111111100111100
0011100110011111101010101011110010000110110110110110101100010001
0010000110010100001111000011101111010111001111101100000001010000
0100111000101110001110111011001111000110111001110110011110101101
0111000110100000000101101111010110000101010111001010101000110000
0110011100110000000111100101100111010000001001110000000011000100
1110000100001011000110000001111111000110111011110011111110111010
1010001101110001000110011100100101000001110100101110011101010001
0010101001000010111000110000000101111011100110101110001101101100
0011001111111011010111011001110111101101011001111110110101000011
1010110000101110110101110101100010010000001011001100110100011100
1100001111001010010000010000000110010000110100110100001011011001
0110101000110100010110011101111000010011000101111111011000110111
0101111000011011000010100100110000001011010001111001000100101010
0010011010010001010011000100001111111001001000110110011011100111
1100001111111111011111111111011010000010011001011111111110110001
0100000000100110101111100010110010001010101010000000101001110001
1010101001010110101011011010001001111011100100011111000111001110
0011011111110100101111011010001000011101110010000101010111000100
1000111011001000110000011111100001000100001010100110001010000101
1110000100010011111100000101011100010001010100001110000111111100
1101001100110010011001001111100101100110000111101001110000011111
0010000000000110101000011011100100011000010011000111110111001100
1110001100111000000110101010101001100101110111111100100010001111
0111111111010001010000111101000110100011001011101100001010010111
0101100001000101010000001010111011010010110001101101000011111111
1011001101101100111000011000010000101110110011111010010000110100
0111000001010100010000010011001011001011100101000011011110001110
0111010100001001101111011010000000001101111000101111110110111011
0010111101111101111101101011111111111010001110101110101111010100
1011101000000110011101101011101010101111001001010001101001000001
0111000100010011010000101110011011111111001110001101101011010110
0001001001100011100110101100011001100111101010000100011001011011
0000010011010000010000000011101010000001011010011011001010100001
1001010000101010110011110100100110111011010110010010110110101000
0101010001011001010010011011100101000111001100111111111100110011
0000001010101011100101001110110011110011001100000000111111110100
0000100000111010011011000011111110001011001011100001001001100011
1010100001000111111000110110001101110110100000011000011001001001
1100100110000110100010110100101111100010101010010001111100101001
1010100100010100110110011011101001110000111010010101111100111101
1010011010100000100011011000011000100100111011001110010111101100
1100111000110000110101111110110001010010110100010000111000110100
0000000111110010011110001000000101100001100101100001011101010111
1001010100001110001011001001101011110110001111011110000101010101
0110010100101111110110111100110010101110011010111111100011101110
1100111100011000001100010110110011111010110100011000011100110101
1111010011000110100000011011110110001100111001010110111101100111
0001111011000001001110101111101001000010100100001110111000111000
1111100011001110001100000001100111000101010110100011000101000110
1100101110001110111101100001001000000110101010000110100101101000
1011110011000101100101010101110101100001000100111101110110101001
0011101000111000000011001010000001100110011110110100100111001000
0010100001000100010110011000010000111110110101000101011011000001
0001001110000000100001111000101111101111111110110100001110100001
1101000111100000000101001010111001011110010011000110111101111100
0110011010111001001101111101010100111101110010111011000100011010
1000101100110110001011111001111110101111011000101111101011001011
0111110010101101000101101011110110000000110100010101101011001010
1101010001000001101111000100011001111100010011100000111100011101
0011100111001010010010010100010000101010010110101010100011100110
0001011000010000001110101000101100100011100100011001011000101101
1110010010000110000000001111011111011010011110010100110101001100
0101100000100011001101001000011001101010011100101001000101001001
0001011110101100001110100111111100001110100100110000100000000110
0110111000010000011101111101000111111111000111001001000011011101
1101000101110100011100000100011101110011010111101011010000011101
0010111100110100011101111111011010111110011011100111110001111001
0010001010100100001100110111001111100100100100010000110100000010
1010001001111011111100001100111111001000100100001011111101101100
0110000001001011110100110111011101100000101001011110111101001001
0001001001000010100011110101100110001001100011010100011001110010
0101110000100000110010011100110100011110001110011000111100110110
0010110111111101101101001100011111111110011011111101101001011101
1101110101110000001001011100100100111010000111111101011110001001
1101000001101000010101011011001011011100111001001011000110100010
0010111010000100010000100100001110100101011001010101101101101010
1111000000111000011011111010100001001111101011001110111001011001
0000010010100100110001001101100000001011101101110011000011110110
0110110111011110111101101000010100010101110001011101101110011001
1000100110001110001111010101110000101001001110100101100111100101
0100101100001110001000111111000101101000010110000010101111001011
1000111100110101111001100011011101111010000011000100110000011000
1110001110011010011101100100111011111110111101100011011010101100
1101000110011011111100101010011000010110001001011110110110110000
1101011000011100010101111000000000011101101111101101111001110110
1101011000101010100100100000111011001000101110110010000110010110
0110001000000000101010001110000110100100000110110110101000000000
1011011010100010110001111010100001000111011111001100000110101110
1001000111101111110110000000101001100101101110001101101111111010
1011001010111101111010000100000110101110010000111111001100111000
1111010100011000101100100001100010011001101110111011010001100101
0110001011100110100110101011101011100101001101111100100100110111
0000100101111010010101111110001100111011000011101111110001011111
1001101100100101011001100110011100101000001100111011100100001000
0101111100010101010111011011100110110001010101001000001001000101
1111001010111011110100111000111011110110111100111000100100001111
0101101011001001101001010100010111110100111101010110010010111000
1110111000010110110001011101110101011110000011001010010100101110
0011011001111101110010111010111111101110100001110001000010111111
0101011001100111010001100110111010101011001001100110110110000011
0110101000000011101000001000001111111101000100000111001111000111
1011111111000001111000000010100010100111101001111110110111100111
0011000111100101001100101100111000100011001110111101001111100111
0010010001011010011001100100000000001010011110100010101100001100
0111100001100011010110010000000000100011011010000111011100110100
1111001010001011000101100010111010001001100101111011010100001110
0100100110010010010100110101101001010001100001101001110011111111
0100111011010111101000001011010111101001100010011101110000111101
0001001101111010000111101100000000101000001101110000001000000101
1011110111110011110010101011001011000011100010111101110101100110
1100111011110101011100011101101000010011100001000111010011000001
0001011101111001111000111011000111101101100000101100011100010101
1001101000110111011010001001010110001010111101010010100110100010
0111111111011011110110111011111001100110111111011001001011110011
1000010010010110110000000100000000100111100010011001010110111110
0010010010100100001111011001011011100111101110110111101101111001
0100000110000011101011001100001000010001100100010000000101101011
0001100011010101001100100000010100000100011010100001111000111000
0101010100000000101101001000000100000001110010000011100101011110
1001100100100010101010100101001100001110001010001000101111000101
0101100010111011001111010110001001110111111110101010010110111010
1100110011111101010010101011011010100110001010110011111000100110
1001000110001010110110111101010111011111110010111101010000010000
0110010010000011111010000001011111111010101000010000001101111110
1101111011010011011110101111111011100001110111111110111111010011
1011101010101111101111110011011011011000101101110000000100100000
0101010100100100011111010000011000001011111010010011001100111101
0001000111101000011011100000111101010110100101111101110110001110
0000011111010101110101110100110001111001110000011001100100010100
1010100101111111101000100001110101001110010110111010010001111111
0000101111110001010111011011111011001010101000000001100011000001
0000000011110001110101101101110101001010001001100101011000101010
0000010101011100001101101011101100011000011000111010101011010001
1010101100100100010011110101000001001100011101001001000101101000
1111100011101000011100010010111001110011010010100101100110001111
0110101010001000010011110000100011100100011111011100110000110010
0010100010111111010101010000111111111110100111101010101111101011
0101101000000110010011010111011111111110100111110010111011101100
0000101111010011000100000101011101010101011011011110001000101000
0010101100000000100100100111001000101111010000101111001100101001
1001000101110101001111011100010001111010110001100010110111000001
1001011101000000000011000110100000000100001110001011100001111011
1100001110110101011101110010001111011000001011000100000111011111
0001000010111100001001100000010001101100001000110000111111100111
1110100011110001010110110100111011100001001100110011100000001010
0110100011101011010000001001010000101001000100101011110000001110
0111111111010010001110001010111000111000110001001000001001110000
0010100110100000110000000000110100011110111010001010111111001010
0101011001101000111110110001111001100011010001011010011010101001
0011001101001111000000110000110111010011100000110100111000000100
1000110100001010011110111001111110100101111000011111110100011111
1010000000101101000111110110101111101011100100010010010000001100
0000011001001000001101010001000011011100111100101000000001100010
0000110010110011110000001010101001001000011011011011000110001111
0001101110011001011110111101001101001000000001000001001110010110
0000100010110011100101011000100101011110010011000011101111110011
0110000101000100000101111010100011100001110011101101001101001100
0010001010011001111111101001010101000011001001001011010010101111
0101111010110010110111110001011011111011001001111111110111110001
0100010011001010101101100101101110111011100101011010110011100100
1111111011110000111011001001110011001000101110001000000101011011
1001010101010111000000101010101001111011100101010001011001100101
0111000011101110011011110011111010100001110100110001111010011111
0110000001000111001010101010010000000001100011010111010000010001
0100011101110111001100111100101101100110001011011101110011010000
0110010010101011111100000111001111101110110101110110101101011110
1110101000011110000111110111111000010000000100111011101100100111
1000110101001001000000011010111110000010001110010100110111111110
0001000111110010010101000111010101011001110111011000010101010001
0110000100000101100101111010111000010111010001000010110100001101
1101001101100011011100110101001100111100110101001100110110001111
0001111101111000111111101001010001100100001110110001110111000100
1000001011001011011010100101010100101000010100001000110011010111
1101111101111001111001111111101110100010001010111111100100111001
1010100111001000010100110110001010000011001010011111101111001001
0111111010001011101100001101100100101100010000000010010100000101
0100001110001000111100100010001100010010101110100110110101111110
1100100110111100110111111001001101111011111000010001101110100101
1001001010110001000010110011100011111111111101000111011011101010
0000111010001110011110110000010010101110101100000100000011000100
0100101011101011000110101100100101111000110010101001011000101010
0010011111110111010001110010111010000110001101110110101101010101
0011010001110100011100110101111011010001010111010011010110111000
0110110000101110110111001010011000110110011000010010010110010010
1100000101011001011001011011111111101000111010000001100011001010
0011100011100101101001100001110001101111101100110000101011100101
1111111100010110100011001011110101011000110011101110000001101011
0011010101101111100001011111000110110000001001001001101001111000
1010100111001001011011010010010100100001100011100111110101011001
0001001011100101010010001110001111001111100010010101011110100110
0101101111011011011010110111100000011001011000001111011011011000
1101110101010100100000010110110110000110100110011011110100000100
1111011111101110000000111100101111000101011010011001101001000100
0101110111001010101000000110111000000011110011010111011110001011
0000111111010010001000010111111101101000001010010100001101101000
0101101010111001000101011101100110001001001111010110111100110110
1110010001011100000110000010001110101100100110011111100010110011
1001111010101000110000110111011111000011111110010011010101010001
1001000100001011001000100111101100001001110111001001001010101011
1110111101110011000000101111010100010100011100010101000101011001
1100000110100000001101001110001010010111111001011100110011010010
1110110010001100001101011100110001010001110011100011011111000100
1010110000110101111010110011011011110000011111101110011101100000
0010110000001101111011100100101111111111111101000111011100111001
0011011100110000101110111111000000000111100010001100001010010011
0000011011001000000010010100010010001101100110101001110000000010
1101101110101101001011010011011010001001000110011111011111101100
1101100111011101010101000001111100001010000010101101011001010110
0011101000110100001110010110000100111010000010010001000010011000
1011001011110100011011101110011110111000101111000011110111001000
1011100011101101100111001001111011001100010001111110000001100100
0000000011101001011101011011010101101010010111011001011000011010
0001001100100100011010101101010001011110010001001111010010000001
1100001001010010110001011101111111110011101000111010100110000111
1001111000100010010101101011110010100000101001001100110111010011
1011010111101000111100001000111001001100101001111100110100110010
1100110001110001100001100001011011011100000001010101101011011010
1001110110111110110110111001110100110011011001000110111110101010
0111100101011110000110001111000001111010000000101101010010101001
1011111011001101111110100111000000100001111010100110000000100000
0000101110010011100010111010110101001110110001001110110011000111
1100100101100000110101110101001011000010110110001001001110010111
1011110101110110100101110001101010111011011110000001011010000010
0011110101000100001000011010000101110010010011011001111111100000
0100111000010000010001000011110011000101000000001000110000101111
0111001010011001110110011011001010110011100000100110000010110011
1011110101101111111111010110110111110010011111011010110011011111
1010010011110000101111111011110110101000101000001001011110010010
1111001110011001100001110000100110000000001111000011100110111111
1110000010111100011000010011001111000100111010000001001001110110
0010011011110000010001100110000110100111011110010001100001001111
1011100101001111010000011000100011111110011100111100000010110100
1000011000010010110000000101111001101101110111100001001011110001
0010000100111100011000010111010010100111000111101111111111101110
0110111100000101000110100010010111011010011011110000110001101011
0011101111000011000010010001011011110001001001111001111000111010
1110000010001100000101100000110100111110110110100001111010111001
0111000101100000001001010111010100011111101001010001000101000110
1101101100110110100010001111101011011111010001100010110001110111
1101000101000110001110010010011101111010101001100001110100111010
0000001110100100000001010011001011000000000010000001010111001101
0110111100010100111111010101100011000001101110101101111111010011
