1011111110000110010111001111111011001111000010000110001010110100
0111111001000000111110010000101010011010100111110000010100111011
0010011001000100110110010110110111101011101010000101101100011100
1011101111001111000010000110110010001000000010111101001011000110
1111000011001000010111011111000100111011100110101000111010010001
0100000011111010011001000010011111111101011010111011000111000110
1101110111111011001010110010100010011010010100011010101001000110
0111011000100110001001110011110111010000110000000111111101000100
1011010000001111111101001001001000101010100011110000101100010110
1100000011100111111101000101100111101000011010001110000100100101
1110100001101111010101011111110001101110111001101111010000111101
1000111111100011100011101000011010010010100101000111010001000010
0111110000110001110001011011001101001010001000111011010100011001
1110101011000110010011111111010000011000011100101000110011110000
0111111111100000111010010111001110101000101010001100001001000011
0101000100000010100010110100101000101101100010010001000110011000
0011000101010010110010011110001110110001101001011010100010101010
0110111000011111010101111001101001110100101110001111000010000110
0011000111111111110111001001000011110001101011101110011011011110
0000010101011010101111111010010000101010101001100001010001000100
0101001110111001010101010011100000110000101100101010010001010011
0010101001001110111101010011000111111000001001101110001111100100
1011101100111001110100001011110010111001010101001011111111001001
1110010101110001000110001111001001011100101011000000011011110010
1100001111000001010111111000001001011001000111001011001101010101
0100000010100111111100010111010001101101110101000011111111100101
0000010101000011110001110001101001101010100001110001101001011010
0110101110100100101001100010010011011011101001111111001101011011
1100000011011001001110101000101100001001110100100010110001100010
1111100011010010010100110100101011000001000010011100000100011101
0100111100100011000110101111001110000000001101001000011000110110
1100000100100010010111110001001010100101100010110001000000000000
1010110110110000010101010101010011010001111110111000100100011100
1001011110010011111010101101001101101100001111000110011101100010
0100111010010101100110110011111000010111111100011110000000000100
1111100010110100000010001110110100001100110000000100101100101001
1111101110100001010000011010111011110011110111010000010111110110
1010001001101010010100010001100001011101011000011001000111011010
1110001111101001101001011101111010010010101001111100110101000011
0111100101101000110111100111011111110111001000100011100110110011
1111011101101000001111110010111000111011011000110100100000001001
1100111010111011110101011011110111011010000001010101000000101010
1110001100101010101001101000000101110110010001001001011011111001
0111000011011000010011000000101010000100000010010101101111001101
0111010001011101100000000101010100110010011101110001010101100001
0110111000011100000110110101111000100011101010101000000101101111
1100110110010110110011111110111100110101010101111101000001101000
1010101010101111100001111100001100100000110101100110011101010011
1111001011001000011000111101010110110000001100111001110001100110
0101110001011100110011001110101111010110110010010111000000001101
1010111010010110101110011100110100000111011110110010100111100011
1010111000001111100000111101011111001000100100010001001101001110
0110101011110010111000100010000100101111010100011111010011111100
0101110001001111100111010101101111110011101010000011001001100010
0000100101100111011011101110011100101010111111111100100111101101
1000111101100000101000011101101010100001011110110111111101100000
1000100100010101000001101000111101011100000110101000000010000011
1011001111010110111001001001010101101110100000010011110010000100
1000001000001001000101110000111111111000101000011000110010010011
0110011001110110000110100001000010001111011011111110011001010100
0110100010010011011101010101100100010000110001100111111010110001
0100010100010100100001011101010100001011110100010110000010001111
1100100010110001111100010000000011111011110000001100001010011011
0111100100100010000010101011001000101000010100010111010000110001
0010000110101011011111010101101001000000111000010001000010110111
1001110111100010100011100111111111011101110011100010001010010111
0011101101011110110011001010101011011110010001111100001110110101
1011000101010001011110001001010010000111000111100010111000101001
0010110011110101100000100101010100100100100011001111001011011101
1001011011111011100001110010011111001000111111100101001011101111
1111011010010000011111011101001000100100100100000010011000111010
1011111111100101011010110000101000011000100101111011101010000111
0001010111001001100111110001101110100110011100101111010000111100
0000100100001101110011010001011011100001011101010001100111100101
0101111001010100111001101000011101101011101100011101010000100011
0101001100101111101000011101101111101110010010110011011001100111
0101100100110110101000011110001111001100110010001100000111000010
0000101011000110100000111100101111011101101110101100110111111110
1010001110000010010110100001001000101011011000000000100011010110
0111011000110010110110110100100011101011101100000001110010000001
1111010110100011100001010010110000100000111010101110010101001100
1001101110110000000001101110011000001111000010110110000000010001
1000110011000001011011010111100100010010001110100011011110010101
1101110000001011100100001011111110000011001001000111111100010010
1110101010101000011010001000010110000001010110100011101001111011
0001010111110100011110001101001011010110011001001010001111101000
1001010111100001110000111000001011000001011111101000111111100011
0111001000110101011111111110011010111100011000110101101101100001
1111110001101111100111110100011111000101100101101000111011010100
1001101011010100101110111001000110000000101111110100000100111100
0001110100010001010001000111011100011111111110111101100100110011
1111110011010010001101011010101010110100101010011111101111010111
1001011010100010101010100001000011110000001110110000101110101011
1110001011101101100011001010010101111011100110000101111001110111
0100100010000000000011100010011111001001100101010010110101100101
0011101111011001110011110001011000010111011000011011110101001110
1111110011010110110111111001101001101011110111011101011101111111
0011001001100000010110001001001011100110001011011100001100001011
0011011001011011001010101000000011000000011110001010110111010111
0110010101111111000011001011111110001001001011010000010000101001
1010101010000101111000010110111011011010111001111111011011001100
1000011110100011000001011001010011011101000111011010101000010100
1100101011011111110110110100101001011011000111101001101101101100
1111111010101011110000001111110110010000110000001110100001001101
1011011001100101001110011010100110111001100010011110111101101110
1110111111000111001001111010010100101100011010001101100011010011
0101000000111000011011101111101001100001101100001101001010001111
1101010110111101100010110111001110111000100110100101111001111101
0111100111100110011110100000100100011000101100010001000000011001
0011100100111001011000001110110111000000001011000101101100010101
1101011010000010011100011110111101110010011000100110101110001100
1111101110101000111011011111000101000000100101000110110000010001
0011100110100000001111000001001111111010001010111000001110001111
1001110001001111111001111011101000100110011100101000101110011100
0100101111010010101101110100001010111101011000100000000011110111
0101001111111001111101101001111111001001000101100011110000110110
1001100011001101000111011010110111011110001010101001011001111110
0011010101110101011111110011100000100000111100000110101011110101
1111011110110010000011101100110101000001110100101110100001000011
1001001100110011000110010101100111110011001010010010110010010100
1110111100001101011000001001001011111100010110011100100000101110
0000101010110010010010110001110010110010000011001110100010011101
1001000000101001110110000101001000011101001010111111110110100100
1101011100100110001100001010101110110011010100001010101101101110
1010011001111110111111001001011100100110001110000100101010110111
1110100001011110001101010011110100100010100010000110100111110001
0000000011001011000100110110001110010111111010011011011111011110
1101110000100010100010010001100100100000011010101011111110111111
0010101001111100010010111111000110001000001101010001110101111001
0111110011110110000010110111110001110000001010110000101000011011
0010001111001001101010101011001011000001000111011111010111001000
0000101000000110011011000100011100101011111101000100010100010001
0000011010001110101011010100001011011001000110101110100000110001
1011001110001111111100100101100100000101000011010000011100100000
1110110101101001001010001111111011000100011110101011101011110110
0011110100100011110011000000101110010111100001001100110001100100
0011110110010101001001100110111010100101101001111000100111001110
0111101001111001110100011011100110011000001100000001100100100111
1011100001100111101001011111001110011110011110101100100110011100
1110111111100000011001001000001001101100100110010010111010000010
0000111011001100101010001110111111000000010100001110011010101001
0011110101001111101111111101110111010001001000101111001000000000
0010111011110111101111111110001110100100110010101110010000000000
0101000001000101000111010100001010101000100001100001100100110101
0100110010111010111111100011110101011100001011101100100101011011
0110101100011011001100000011001101110010001011110010001011010110
1000010000000110101000100010011000010011100110011000100101000000
1110000001011111101010011001000100011010000101110110101100101000
0011001110011000011001001110000110001101110011100100100100010111
1001110100110111111000001100100110110100011101001111010000100001
1011101110100111011111000110010001001000000010100110001100100100
0000010011010000000110011110000011110011001011010000100100111001
0001001001110101101010010011001110100010100001010110000111000001
1101111000000101101110100000000000010100110101011010101010111100
0010010100100001011101001110111111000011111010001011010111011110
0100000000001011111010011110000001010001101111001011110011100101
1101101010010100111100011100101001000111001100011011000110011001
1011010100101101001010001101011001001111110111101100010010001011
0011010000010111101101001101101100101000111110111011000111011000
1110000010011101000000101101000101011000001000001110111011000100
1111011100111101011001011111000101000110001001111001001110010110
0101010010101000001110011100111000111000010111000001000001000100
1011011000011111110001111111110101000111110001000000100100001011
0010101100010001100000010101000001101010101110100011111101101000
0100001000111010110111000100011110110001110010000100011001010001
1011011010110001101000100111110110010010000000001001011100000101
0100110000001011111101110110011011101000010101100111001000111000
1110010101110010011010011100000000010011001101100000010000111010
0110001110111101011110101101001001010110101000100010010100100001
1111110110010010000110100010011010000110011001111011101011011101
0011110000011001010111000001110010011000101101100000011011001010
0101001110010110010010111111110000010111101010100101001101001001
1101001100001001000110000110101011000001001000011010000110101011
0101110111010011011010100100010001001101000000010000011001100000
0100101000000110111110100101010010111110101110010001100101000011
0111111100010011111000001100100100000001001000110010010011111110
1100110011010000010011101110011000110101111100111000000101100001
0110010000110100011100000001110111000011100101100110111111110010
0000111100010011101011001001000111100100001100101010101011101100
0010001100110111110010110000000010111010001011101001001111110111
1001111001000001101111011010110011110110111001001110100000101100
0111111111110010110110010010101000001000101000011100010010100111
1111111111111000001100011010000101110011011011011100001000010101
0001110100110101000111001101100011011110100000001001100000100011
0111011101111111111100101101010101000110011110111001000000101111
1001111001101111100110010111011010010010001111000000110000001010
1111010111111100011101011000001010010010110111111001010001001001
0101000011000001000100000011100010011100001001111110001000101010
1111000010011010001101100001100100000001101100011000101001110101
0010011100100001110010011011011000100010111110101001100111100010
1110010011001011101001011100011011001100010100011000101111001010
0000010000001101111100100000000100000101000111111001011010100000
1111011010110111110000010111000001010110000111010011111110111011
0111000100111001011111011011101100011111100100000010001001011111
0100110110110111011001010000001111101000000110111110001111100000
0110100011110011001010100101000011110111100111010000000000010001
0000011100100111110101111010100101010101110100000010100011000000
0111000011110010011100001111100101101001111001000101001100111111
0101110101101000010101010110100010101011001011100000101010111110
1110001111000100001101111100110100010011111000101100101001011001
0001110010100011101100101000100001001100001001110010111001110001
0111010011100010111101110001010011011111011010110000010110001010
1110001100011101100000011100111010001111110011010000001000111101
1011111011010001100001000100011100010100011111011001100010000101
0111100111001010110110101010000111110010101011001011011110101000
0101101101001101100100001111111110010100011100110101010000011111
1111110111011110011100011110100110000101101011001001111100111101
0000101100010000000001010110100111000100001101000101101101101001
0000000000000000000000000000000000000000000000000000000000000000
0000000000000000000000000000000000000000000000000000000000000000
0000000000000000000000000000000000000000000000000000000000000000
0000000000000000000000000000000000000000000000000000000000000000
0000000000000000000000000000000000000000000000000000000000000000
0000000000000000000000000000000000000000000000000000000000000000
0000000000000000000000000000000000000000000000000000000000000000
0000000000000000000000000000000000000000000000000000000000000000
0000000000000000000000000000000000000000000000000000000000000000
0000000000000000000000000000000000000000000000000000000000000000
0000000000000000000000000000000000000000000000000000000000000000
0000000000000000000000000000000000000000000000000000000000000000
0000000000000000000000000000000000000000000000000000000000000000
0000000000000000000000000000000000000000000000000000000000000000
0000000000000000000000000000000000000000000000000000000000000000
0000000000000000000000000000000000000000000000000000000000000000
0000000000000000000000000000000000000000000000000000000000000000
0000000000000000000000000000000000000000000000000000000000000000
0000000000000000000000000000000000000000000000000000000000000000
0000000000000000000000000000000000000000000000000000000000000000
0000000000000000000000000000000000000000000000000000000000000000
0000000000000000000000000000000000000000000000000000000000000000
0000000000000000000000000000000000000000000000000000000000000000
0000000000000000000000000000000000000000000000000000000000000000
0000000000000000000000000000000000000000000000000000000000000000
0000000000000000000000000000000000000000000000000000000000000000
0000000000000000000000000000000000000000000000000000000000000000
0000000000000000000000000000000000000000000000000000000000000000
0000000000000000000000000000000000000000000000000000000000000000
0000000000000000000000000000000000000000000000000000000000000000
0000000000000000000000000000000000000000000000000000000000000000
0000000000000000000000000000000000000000000000000000000000000000
0000000000000000000000000000000000000000000000000000000000000000
0000000000000000000000000000000000000000000000000000000000000000
0000000000000000000000000000000000000000000000000000000000000000
0000000000000000000000000000000000000000000000000000000000000000
0000000000000000000000000000000000000000000000000000000000000000
0000000000000000000000000000000000000000000000000000000000000000
0000000000000000000000000000000000000000000000000000000000000000
0000000000000000000000000000000000000000000000000000000000000000
0000000000000000000000000000000000000000000000000000000000000000
0000000000000000000000000000000000000000000000000000000000000000
0000000000000000000000000000000000000000000000000000000000000000
0000000000000000000000000000000000000000000000000000000000000000
0000000000000000000000000000000000000000000000000000000000000000
0000000000000000000000000000000000000000000000000000000000000000
0000000000000000000000000000000000000000000000000000000000000000
0000000000000000000000000000000000000000000000000000000000000000
