1100011110110011100001001110101110010011110111111000000000110100
0001100100000111111110110111110000000110001110110101100000110101
1101111010100101100110111011001011011110000001101101011000000000
0000001010110011001110011001111001000111000001111110011011111011
0101101001110111101010000000100100101000011010111101010010011101
0110100000101111101100100100110110011001100101101100100000111101
0000011101000011110011111111111111000101100001101101110100110111
1101101011001110100101101100100000101010100100101110011011111000
1011111001100011100100001010110110101110110001100010111011001010
0000111100000000111111111011001000111101011100110000100101101011
1110010110011011001110010001000010001011001101000010000111100000
1010100010110000100010111110011011110101111110110110100101111101
0011010100000101001000011101000010011110101011100111100101100111
1110100111000101011000001100110110100111000000000010101011101101
0001110111101010001101001010011010100110100001101000110100111011
0011101000000100111000110100110110011111110101010111011001001001
1011110110010011111101111001110101011101000110101101010110110011
0001101111111110000101100110000011011101101111000111111001101000
0110110101000011010011001000110100000101001000101101101001011101
1000011110110100000000111101100101100110000110010000110010001000
0010011000011110011101111011010010110111000000000011100101001110
0001100111100111000101000101111001100101101100001111001111101000
0110000010011110110011010110000101011011100001110111010101101110
1011110100011011110111110011110110000000111111111011001100001101
1111000001110000111101010100010000110011100011011000110000110000
1110010101111110100101001010001111000001111001111110111011000101
1001000001101000111001011101001011100110011110010010111111000000
1000110000001101000000000100011110000011101100100000011111010011
1010000000101111010011111001110010111001111101111000010101010000
1011110010111111001000110001001110101010101001010011011010001111
0100111010100010110111001000110010010110000010011001000010110111
0011011011101111110101010111001000110000001101001011101010001101
1011010100111101101000111111101101001010101011000100111011111110
0011111101010101110101100110001001111101100101100110011110100001
0000110111101010111011111110001110011010110011111001011111101000
1011111100110111001000010010001000000100011110110100110110110011
0000011100100000101001111110000110000110001010001100001010100111
1011111100111111110010001111000000001111101101010101111101111101
0101100011000110100011010101100101001100100011001000000111001100
1110000000111110101010100100111001011011001100101101100101101011
0101110110110001111100111001000010010100011001110111010001111000
1010111010001101111010001011101110011110110000011101110010110001
0010100110100001110110000001100110001101000110010111001001110100
0001111010111100010101110111011100110011110010000100110000011100
1010010010000001101010001111110000001100101010110100101010111111
1001010010101101100101001101100101000110111001010011100010111001
1100111110110110011001100111010110111111101101111000100010010111
1101110101001110011000011000011001000101010010010110000001010011
0101101000011000010011100001001100110111101001111010011001111111
1010011010001101110001011000110001111010101100010010001111100000
0011011011011011110101110000100110010110101100110110001101110110
0100101010001110001001100101100110100011011011101010101101011010
0001100011100010000001100011101110011111111101100001100011011100
0000101110110011000100011010110100100011011101000010010001100001
0000101011100100110111001101010100011010000111100001101010011110
1001001000000100100101110110010001101000100001100110001001001110
1000101010010111000010110110100110101101011101100100101001101011
0111010111000011110000100000110100010111010110010110111000011101
0001011000111001101001000001001111000000001001011101110101111011
1101010100001001110100001110110100111000111001011011110000001101
0000010001110001111101101011111110001010001111010111001100001000
1111001100001001110010101001111100111100101100001100100111000010
1010010011000100001110110011100110000000110000011001011001001101
1101101010011111100100100010101111111010101000011000011011001001
0011100100001101011000010111111111011010000100100101000010101001
1110001110001010010100101101011101101010010111101000111000011111
1010011010110000010110011010100011101110001010011110101011101110
0011111010110010110011011110101000010101001001100100110010101011
1001110101101001100101111011101110100010001001011000111000111110
1011100001000111110000010110101001000000011011001110100111111101
0101100110101110101111001011001011101011111101011001011001101101
0110000001000111000010100010000101000100101110000100001110011011
1010111101010010111010100001110010011100011110101001011100010000
1011110011110011100000100100100000111000100010011011101011101000
1010001110010001000110101110110011110011110110000001000000010110
0101011100011100111100101000000100010010101000001110010011100011
0010100010111010111011000001001110100001110001101101101101000001
0010011100101010101110001100101110010100000101111001100111101011
0001110111001111010101101111000111100010100111100101110110001110
0100100111110001011011111100001010101100101110010101000000110100
1001011100010010100000001000000100111101101110010000110010100101
1110010010000110010001101111111001110011010100011100011110000011
0001101001010110100001100000101000100110001001111110100100100111
1111110010100001001001011110110011110001111011001000001110011011
1010110111000101001000110001101010001110011110100000011100001001
1101000110010101010001000001101110111010111000010010001111000000
0110101000011111001111010000111010010001101001100101010010010111
0101101011110001011100101001111011000010111000010011011001100011
0110101101010011011000000101110001001110011011001010111001000000
0010110010110100011110000011100010011000101100011111010100110000
0000101010011100101100011100011111001011101111011000100100011101
0000111111000001001100100000110000010111011010111000001011010001
1000000001111100010110000110101100101101101001001010110000010010
0011001000111011011001100101001000010000111100100000010000100010
1110110101001010100100111111011101000100011010000011100000001101
0000011010101000010101100111111101111001011101011111111101101000
0100011110111011101111011111110000001100000000000111111101011001
1111111111010111101111010001101011011110011111001010000011111111
0111110001100000100010010011010010101001110110001100001110101101
0101010001110111110111010110100011010010010101001110011000111010
1111101001110100000011101001001111100011111010000100110000001110
1100000001010110111100100111000001111001111010011001000101011110
0010011110100010110001010100100100000001000011000010100010111011
1100100111101100110010010110011010101111110001010000001111001100
0111100011001000000111101100001010000011010111010100010011110010
1011100100011101001011000000100001000110010110011100110101001010
0110010111101100100101001001000110010010100110001010000101011010
0111110001001101110100000110001100101101110001001000011001000100
0010001010101000100010001111111111010001110111111010000001110010
0101100111010010010111110011111101001111001011011010101000010110
0000111001110101100011001001111010010000110011101110110100100111
1111000110010111100000100110000001011101111010110101010010101111
0111011111100010111111110001011100010001000001110001000001101100
0001000001001001000100000100011101001111000110011110100011001000
0101010100011111011011110010001011110111010001001011100110101110
1001001101100011101111110010100011100111111001010111100011001001
1101111101000111100101001101001011100101110111100100111101011101
0111010110100100011010001100110001101000010111001011100111011010
0100101000111011101110010001111001111010010001011100111010001001
0110100110000101011011101111111010001001101111101011101010101001
1011111100111010000111111111110001100001001011111100000011000100
0000001100110011101100110001001000111111010001110101111001000000
0101111100010101000011101110011101001000011000011010001101101100
1100011111100010000101110111111001000110101010011100101001111100
0010000111110110101110110000101101010101001101111000010011100011
0101110010111000111101000111100011011010110001100000100011010011
0111111100111001111010101011010001001101011100101101111010010101
1011100100100001110001100101001001000000101101011011011111101101
1010000000110010010000100000001111010101010011100100010111001001
0000010100111011111010000001110001100000100111111101100001000011
0111000100111110100001100000010101111110111101000000000101001011
1001011110010000000011010100110001110100010000001100010001011100
1110010101100101011100000000000010000011100110101001001000010010
1011001001010011100110010010011010010000011000010011100011011101
0010000000000010001100111010101110010010001010101101110011001001
1001111110010111100001001000000110101101100001101111111111010111
1101011001011100000100011010001010111011101110000100000101011000
0011111001110001010100010000001101111010110101111110011011001101
0100011000110100101000011110001111100000010010101101010100100001
1111101110100101011000100111111110111110011110001101001010001110
0010011100001010111000011110010110100111010010100000101110101110
1110110000100111101011100110010110000110110100101110000000111010
0010100101110010011110111010101011011011111000011010101000110100
0011010010001100011010010110010001100101011100011011010000001001
0110000100100110100011000010011010101110111111010101011000101011
1111010101110100111001000000010110101001011110000001110010001001
0101100001000100101010111111101010000111100011001111100111011011
0111010101110000101011100000011111001010001001110001100100010100
1101000011011111001111111011101000000000010011000000101000111110
0010000100110010101011010111101100010101000111101110100110101101
0100100001110100111100010010000100110111110011111111100001011111
0100001000101111111011100010011000010110010101001110001001010011
0001010111110011100011001011100010000001010101110010111000000110
0101111110101010001010000100111011010000101000011111011111101100
1111001000001100110001111110000110110000100111001011101010010100
0000010000000010111010110000000000011111101101011001110101100111
0101110100110111101011110011011011110110110100110100011101100110
0011111101111111010000001001011101000011001001011101100011101011
1100010010011001101111100011011001101110110010111010110000000011
0001010010000110110110100100000001111100101110110110111100010011
0100111000011000000010111010101100110100111111010100110001001010
0001010111111110110111110111000001000110100000101010110110110111
1000101110111110110001001001111011111010000100101000111011111101
0010011110110011010001010000101110100100000010111001100100010100
0010000001111101011111011001000001001101110001000101011001010101
1100111111110111111000011011000001101011011000010110010010111100
0110010101010111000110101011011101101100000101100110001111101011
1001010111101010110011011100011110100101111011000001110100101100
1001100101100001101100010100011101110000011010011010010001011010
0001001101010011001000000010110100000001111101111011011010011111
1100111101010110110111011110001010001110010110110011010000001101
1011001001000011100101011111110111101110000011110111101010111001
1111110111001011111000010000100101100110100000100101001101101110
0011101111111010010011000100110101101101111110101010000001100011
0010110001010101111000011011010111010110100010110001011101011101
0111100011000001011001101001001111000101110110011111011110101111
1100011111000100001010100110001000101000110111011100000111101000
1001010001100010011000011011011000111011011111010011110000000011
1101000010101000100111100011001010010010001110111001011010100111
1011001100100010011000001001011111010110110110111111110110010000
1010001000010101100110010101100110010100001000101011100101101010
0111000101100111001001001110010101101100101100101010000111110101
0111100011101101011111110001101010011001011011100100110100110010
1110111110000000110100010111001101010011100111110000011110101101
1100000110100011100111110101100010011101111010111010111000111000
1101110011101011100100111011010011110010011001010000101011101010
1100111011100001001001010110101101110001010111111100010110011010
1000001100111110100100010100101111101110111100010000101011010101
0100000010100100011010101110000001100011100110001111111000011001
1010110000100100001100011001001010111111000110100111100001101100
1010101011011110100110111010111100011110000110110000101010010011
0011001001101011001010000101000011110000011101110010101100010111
1000110011100001001000010111111011111101010011000010010011100101
0111111000111100101001111111000100001100110001100111110101100010
1111100111101000001110010111101000100111000110111000001001100000
1101011101101110011001100011010011011010001111110010010110001101
1010111110010011011111000001101100111110100100111111001101010101
0111111011001110010111100111001010100100100011011001101110010000
1100111000111000101100101010001011011110011010100110100110111000
1000111100110010010110101010111001010111111000001011101010011011
0001110011011010110011101010101011010110000111111101010011101010
0000111100100101011010110110100101010100110111101010011111000010
1010010110110110011111101010010110101100010111000001111100010001
1011000001100001011101101111000011011010111000110100100101111110
0100001000111111111011101110101111011000001110011000010011000110
1010100001001101101000011100100010011101000110011001101011011001
1001110010001011100101101111110000101000011001101110000100001001
1100001111010111000101110001110001111011010010001011010010000011
1011000001011011000011100100111000110101111010100001001011010000
0111110001001101010110001010010100110001101110110110001011011011
1001011011010011010001111001001101000111110100000011100101110000
0100111011111110100000111101000010000001100100100100100011011010
0000111011011001101011001001100010100100000110011001111000110001
0010100010001011100111100010010010110001111011000111011100011111
0010111011101100100111000010011111110101111001001010101101100011
1010111000111001101000000101101010001111010101001100011100101000
0001001011000100001100000000011110000100101110010101110011000100
1001010001000010110000000001101101010000101101110001000011010100
0101110100001000000110111100101111001101100111100011001000011101
0110000101011110011001111100100100110011101111101011011110101101
1111011110101111011110010010001100010100110110011111010100011011
1101101010000111001001000100101101000100101111111111000111011111
0001111010000101000101001011101101101010100110011110100000010110
1100011111100001011011100010100010101101111011011001001100000010
1010110100010100101100101011100000101001101010100101011111010001
0011111101010100100111010111101011100010011110100111100010010011
1111010111000010101001011000000111000100111101010001010110101010
0100100000101100010000000000010101101100111100000111010011011001
0010111100010110000110011111111100011101000000000100110100000101
0001111000010011111011010010101010010101110001000111110110101010
1000111100010100111110000101000100101101101001000000011111000001
0100010111100100011101010111100110000000001100111101000110111110
0101000001001001001111110101110111110110001100000101011010011011
0010010101111111100111001100111001010001101100010000011100110101
0111000011000010011010101001001011001000001100111100111000001110
1000110011001101011000011001111001000011000101101110111011001111
1010110101010101110101010001110001011010010110110010010110011100
1000100011011011010111000000001001110001011000011101001001110001
1011100000110011110101001000111101110001111000110110010101110110
0100000110111101110101001110110101010100101101101010110111100010
1010110001111111001111101111110001000001111000010101001010001011
1101010100010001001100000000001001100100010101100000111001101001
1110001100110000111100000100100101101111001111001011110100010001
0010111011011010001101110101110111000000110010111001001111010101
1100011101011110110101100011010101001101000110100010010000100111
0011011100001100100001001100011010111101011010110011011101010111
0101001011010011011110010010011010010101001000101000000011000101
1011110011000001001101110000111011101000100100010011001111001011
1111100101010111001010110011000011000111010000010011000110001101
1010010111101110110100110100011000000000111010110111100001011111
0101011010000110110001100111101001000010000110100011000100111011
1001000100011101110000100100001010000000101011101010100001110100
0000100100111110011110010101011110001101100000011100000111101100
0101110001110100111110010001001110001110101000011010100010001011
1110010110110001110011101100010011110000010111011011101001001100
1101100001111011101001100111001001001100111101101010101011101010
