1000100111000101010001010000111011101111101010011101010110101010
1101100000000000000011110000111000101001000010110110000001010100
0111110001010000111101110001001101111111111011100101010001101001
0001000011011011101100111111100000001000111101100011001011010000
1110111110010100111000000100110001011011000101101000111011010110
0111111101000000111000001000000101111010101001000101101010101101
1001110001110010010100011010011100011110000000100010101100110010
1001000101000001000011001100000111101010011010110111101101101010
0111000010010010110010010010100110110111000100010001001001011110
1010110101101111100110011101111001001000100101100111010111100110
0010100010001100100000100010001111011110001011000111100100010011
0100010001111000000011001101101000101001010101111010101010000010
1011101000000010110100000001001011011001111001010100000011000101
0101101000101001101101000100110100101011100000100000001111011110
0101000101000110101000100001100011010010001110000001111010111000
1100000110011011101100100110110100001101010100101111100111000011
1001101110111110110001000111001100011001011010101001100011001001
1110111000010010000010000011111001111101101000111011111100101001
1010111011110100000011010001001000010001101011010111001100111011
0000111011011101101111000101100010011111011001100000100000001100
0011011111001110001110011011000100001011111100101000010000111111
0111010110011100110101001110010111001000111100111111010011101010
1001101000101011000100001011110001101110010011010011000110011100
1111110000100011001111001110001001111001110000000011111110110001
0100101000101111000010001000000010000110001100000100101000011000
0001101010000100110011100110110011110110101010010000011011110000
1001011010100110011111010111100011101011001100100001010000001101
0110101110101000100111110111100001110111101000001101011011001001
0111011000001100100110001010011100101110111111111100111101010000
1110111101110000010101000010110110011011111001010111101100101100
1101001010111101100100111100110111011101100011010101111111000011
0000010001111010100110110010000111101001010110110100110010011001
1000101001011010110010100111101111110110100000001110111010010001
1001001010110111111100110011100110000001010011001100000001110001
1111110100100000000110111100101001010011101111100100100101111010
1101001001110111100000001011010010100101111110100111111100011000
1101110010010001101010011110000010000111100101011101001010111100
0110001101011000010101111100110101100101111110111100110110001101
0000010000000010110100111010000101011001000000010001111110001001
0110001100110111100111000101000100010101100111010100101010010000
0011000010001010111100000011001010010011100011111111100000011000
0000100000110001110011010001100100000010110110001011011011100110
1000011101000010101111011011011100100100110010101000110001100100
1100001001110101111011010101011110010110100101111110100011011100
1000110000111011010100100011100000110100100000111110010110011110
0111000110001001011111110110100110001100000000101010100000111010
0100100000000010010001100110101001110110001001001101001001000010
0011101010001111111010111001110010011010010000011011111100011111
1010010111110111011100010010111011000101001010010001010010001111
1010010000010110110111001111100010010000001011001010110001110010
1110011010000000111001100011000010000001011001010001111011111011
1110100000000011001101011011001101001010101100110000000100100000
1000101111001111001001001101011010010110110110000101111010011011
1100010011001100100100011010111011101100010000111101000111110111
1010001010000001011001001000100101110100001011000011100111010011
0000110001111010111101011101101000110001110111010111010100101000
0011001100100111100110001111100111001110100111000111100000111100
0000010000010100011011011100101100100100001000100101111000101011
1110101111011010011011000101011111101100011110011100110000001000
1110010001110111000010001100011000110011111100111111111010001101
0110010000001101110011100110101010000001011101110001100001111100
0010000110100000111111101100110111001111111001111111001010010011
0001010101011001001101110011001110011111101110001010110100001111
1000111101001111100010110001001110111000010001010111110001110011
0011101001010101011110101110101010110100111100110111101001010110
0101000101110000110110101011001000000011000110000000010100111101
0101010110001010101110100100011111000000100101101001000001010101
1011111001010010011000100001000110111111100101000010100110001000
1000010000001110001010000101010010100011110101000100101010011001
1010100000101101010100010110011101011000110110010101100111100101
0011100001110101010111100000101010010011011111101011101000101111
0010111011010001000011110001000101010010100100001000110110100010
0101110110011001100110011101010101100111111110100000011110001001
1000110001010110011100000010010010100001011111111010000110110010
1010110110111111011011110101011111000000111000001110101010101110
1000110010000110011001001100000111111000010101011010101010100000
1010101111010011111111000010111000111010001001111000101100101010
1110100001110000110000101100100000110000000110101101011001111111
1001100010101011101101111001000100010010000011001000101101010000
0000010010010010100110010110110010110011100000110111011110001011
0010011101100000110101011000011101001010100001110001001001111101
0001101010001110101110100011100000100011011110001011110110110110
1011100110101010010111100100110011100110101010110111101010010010
0111100011100010001111011110011111010000100000111100000001111011
0110100110010000111110100100100000100100011011010110000111110101
1110011001110011110111101011010101011001000010110011001000110011
0100011000100110001101011100101001111001011110001011101110000010
1111111001101101000000111100000110111010100000100011011010001010
0100100000011011010010000110110011101100000101110001000010101000
0001000011001101001101011111010000111100010011000011011111011110
0111011101110010101111000011011010101000011111110010101010101011
1101010000000001001010011100111001011010101111010101010111000110
0000000100101000010100110100110100010100100110000111100011011010
1000111110010100100000001010110100011110011011110101110010001011
0101101101100100001110100010110111011000101000110110001101111011
1001111011011110110100011101000010011001001111001100110000111100
0000110101010110001101100000100001111111110000100011100010001111
1111101110111101100010001010011010111000000010010010110001110111
0010000101011000001000100100011101010111001101011000011010100111
0000000101000110000110010100011001010100001010010111100110111011
1100000101011010010010110011010010011010001111010101111100010000
1111011001100010111100111000101001001101001001101111100010000001
1101011010101111100011001011101011001011100111011001110100110100
1000101100010101101100000000010010001111000110011000000010101110
1001010111011011100101011011011001101100100101111100100001001110
1010000001101100000111011000001101010011010110101111011000010110
0101101111101000111101000100101100001110100001101101001100000000
0100101010111011011011110010111001010000001010100101011101000101
1110011110110110110101100001011101101001101011000110001000010011
1001111011001000011111010110111000000000111011100110110001110111
0100010001110001000010010000110110110110110100001111011001110101
0100100011010101010001100111010101001001010101111100001000011000
0001010010001010001100000111001101110110101011100101000000001010
1100011111010001100110101001111011101010001010011010100001100101
0110000110001010000011000010110011010010010111101011000100001100
1110010111001111000010101100000111000001100100010011100000101011
1110110111111110101111010001011010100100011010000010001110000111
0101011011100111000100111111001100111110110000000110101000110101
1010111100111000010000010101011111101110001000110011010000000011
1010010110011011101001001001010101101100110000101011011100100100
1010101111011010110000101100011011011010111111010110101000100011
1001011111111001010000101111000010100000101100001110010001001000
1010110000000111101111110011100010000001011110100000001101001111
0110101010111101100101011010011010010010000100001010101111111100
1001111110010011001101100011101101101001101011110000111111001100
0101100010010000001011011010001011100110001011001101010001010011
0000010011011000111110110100100011111101000010101001000000001100
0110100110101001010000001000011011001010101100100001001001000010
0001011011000001101100000101100110110110011010001100111000000001
1010100101011101111100100000010111111010100010100001100111111010
1100100110011101111000000011000010111001000011000111100110111101
0001001001110001011001011101111101010000001111110101011000011000
0010011100111001001011100000001011011110011111111011110101100101
0101000001111111001101100001010101110011011100101010111111000110
0011001011001010011000000000010111011110100100010111001001111010
0101110101011000011000100111000100110110000001011110010110001000
0011100110111000110100111011110100101111010001110101100101010110
0101111000111010111111010100001010010010010011101000100111001111
1010011110111101010111010110101101011110101001110111001011001111
1001001011010001111010010101100100000100011111000000011101011101
0101110011111000000111101000111101100001000010001011001101111101
1110100001001001011010011110100001110111010011011110100101000110
0111101001100101010001000101111110100110110010111011010010001111
0110111011100110110101110001011100110110101110101110010110010000
0011111011111001101101101101011001111111110100000001000011010110
0111101101000000010010010100010000011011101101110101001111100000
1000011100001011010111111001010011000101000100000100100011000101
1101101110001011000001000000001110100011010111011011000011110111
1000000010011010001111100100100001101001101110111001101000110101
1000011110110111110001111010000111010010111001000110111110111011
1110111101000111100001010111101101010010000110110101000011111000
0110010011001100000100010110001001111101000000100001111000000110
0100110011001101011010001001001110101000110011011100100100011011
0011010011011100000100110100100000100010000111101011111010011110
1010101101010111000010011100011011100100000100111000010101100100
0110001100011001111100110110010001101011100101101111010000010110
0110010010111101010100000001000101000001101100101111101011001010
1111000100100110010110110000101110001000111110110010111010110000
1100011100110110110111101000111111100100000110100010101111110010
0110111111001101101001100001100000111101111101010000110000101110
0110000110000111010010000101100000001001011000101111000110010100
1010001110101011001101111100101110001011000010010111011001000111
1010011101111101000111010110101111110101010010111111000001101100
0010000100100011011110011100100000111000100111101111000000001010
0100110101001001000101010111101100010010000110011001101110010111
0101110000001110011111110011111111001011010011001100011001011000
1011111101010001101000001111001010001111100101110100110011101001
1000111000000111010100010110010101001001010000101111101110000011
1111100001100101000100011110110011001110111001011111001111101000
1000110111101101111100011010011101001000011000111000010111010010
0010000101001100011111100001000010110111010001111110111101101000
0000110001011110111000010111000001111010111101000101101101111110
0100100110000001010011010010100001100101101010110011001010010101
1011100100001101110001011011110110011001101110000101011000001000
0001111011110000100110111100010111111110110100011000000101100101
1010010101101101101100111011000111001111101011000010011000101100
0000010110111110100110001010111010000011010010111000010001010001
0111011010111101000111101101110011001101000111001010111000001011
1110011110000001001110000000100100111000010001010010000000111011
0000100110101101011011010000001001101011110110111111110000110110
1110001100111111010110100010101000111001000101101001000111000100
1100001000010000000010011111001101110011010110011000101100001100
1000110100101000111000000101010001010010111010111010111001000100
0011000100001110001100101000000111010100011010000001011001010010
0110101110110100101001010101011100011101011100001010100101001000
1101011001001001101100011000001101101101110110011110000001010001
0101010011110100001010001000110111110110100010000011111110101101
1101000010100001101010000101111100101010010001110110001010001001
1101101110100011101111011000010100100100000010101011000100110000
0001111010101111010011010001000011101101001101100011110110110011
1100110111000111111101110000011000001011100011011011001101101001
0101010001110110001101010001001100100001101100101011000111001101
1111110100000101101110000010000101110111110010100011101100101000
0000001110010001011010110001111111011100101010101101110001001110
1110010010010110111000010010110010010011111100010100101110100001
1110001101011110101111001011010100111001011101110101010100001100
0101010011011000001110100000000011000110000110101001111010101100
0111010100000010110100000000100110001011110001100011010001011100
0100010100110001001001011110110010000000111010000000110101110111
1010100100111010001001001000010001011011110010111100000100001100
1010111111101011010110000111111000100011100101100000001001101011
1110110100110010100100100111011111000111101101000001100011000110
0101101010101011001100010000011111010010010111101101100111101000
0100110011011110101100111110000001000001110101111110000011100011
1100010101101011110100001111111011100100010001111011001101011001
1111010010111101101010010000101100100100101111000110001001100001
0110101111100010101010100010100100111011001001010001000101001111
0011001011111011011010001111110110010111100111100110000011100000
0000000000000000000000000000000000000000000000000000000000000000
0000000000000000000000000000000000000000000000000000000000000000
0000000000000000000000000000000000000000000000000000000000000000
0000000000000000000000000000000000000000000000000000000000000000
0000000000000000000000000000000000000000000000000000000000000000
0000000000000000000000000000000000000000000000000000000000000000
0000000000000000000000000000000000000000000000000000000000000000
0000000000000000000000000000000000000000000000000000000000000000
0000000000000000000000000000000000000000000000000000000000000000
0000000000000000000000000000000000000000000000000000000000000000
0000000000000000000000000000000000000000000000000000000000000000
0000000000000000000000000000000000000000000000000000000000000000
0000000000000000000000000000000000000000000000000000000000000000
0000000000000000000000000000000000000000000000000000000000000000
0000000000000000000000000000000000000000000000000000000000000000
0000000000000000000000000000000000000000000000000000000000000000
0000000000000000000000000000000000000000000000000000000000000000
0000000000000000000000000000000000000000000000000000000000000000
0000000000000000000000000000000000000000000000000000000000000000
0000000000000000000000000000000000000000000000000000000000000000
0000000000000000000000000000000000000000000000000000000000000000
0000000000000000000000000000000000000000000000000000000000000000
0000000000000000000000000000000000000000000000000000000000000000
0000000000000000000000000000000000000000000000000000000000000000
0000000000000000000000000000000000000000000000000000000000000000
0000000000000000000000000000000000000000000000000000000000000000
0000000000000000000000000000000000000000000000000000000000000000
0000000000000000000000000000000000000000000000000000000000000000
0000000000000000000000000000000000000000000000000000000000000000
0000000000000000000000000000000000000000000000000000000000000000
0000000000000000000000000000000000000000000000000000000000000000
0000000000000000000000000000000000000000000000000000000000000000
0000000000000000000000000000000000000000000000000000000000000000
0000000000000000000000000000000000000000000000000000000000000000
0000000000000000000000000000000000000000000000000000000000000000
0000000000000000000000000000000000000000000000000000000000000000
0000000000000000000000000000000000000000000000000000000000000000
0000000000000000000000000000000000000000000000000000000000000000
0000000000000000000000000000000000000000000000000000000000000000
0000000000000000000000000000000000000000000000000000000000000000
0000000000000000000000000000000000000000000000000000000000000000
0000000000000000000000000000000000000000000000000000000000000000
0000000000000000000000000000000000000000000000000000000000000000
0000000000000000000000000000000000000000000000000000000000000000
0000000000000000000000000000000000000000000000000000000000000000
0000000000000000000000000000000000000000000000000000000000000000
0000000000000000000000000000000000000000000000000000000000000000
0000000000000000000000000000000000000000000000000000000000000000
