1100110111110100101010011010100100000011101000010011000110100010
1101100010101111001101010000111011011100101000000011010011011111
1010011000101110011111110010110101010000001101100111100110110001
0101110100101000111000000000101001110101011111010001111100001010
0110000011100111011110100111010011111111100001111110101011000000
0100100110010001000101100001111011110100011111010110101110111110
1111111001111010000101001101111000111100000101101111110111110110
1000110100101010100111110101100111010010001110110001101000010110
0011111010000000110010010100001010011000101000111110110111110100
1001001100101010100110010010111011010111011001110001101100010111
0110011110101110000100111110101001011010111010011010011111110111
0011011010010001001000101100101001011000000010101010010000001101
0101101011111100000101100101100000100111010001001110100100001100
0011110101000000111110001001001011010111111101110010111000111100
1101010100101011000111101101001100100000100111100010011100001000
0011110111000000111010100111101011001000000110001101101011100101
0110111001101011100011001000110111101101010000110001101011011111
0011101101010001010110010100101010010010001111000100101100101011
0110001000010101001111110010110101110011101000101000100111010011
1000111110100011100001110001001111000110101011111010011101011000
1101001010100111100001010001100101100000010000110001111010111101
1000100100011000111100101111100001110001101111101101101001011011
1000000101001100010010110100010100101101100000010101000110100001
0111001110100010111111100000110100101101101000111011011101010101
1110000100101110100000010100111101001101101110000111101111011001
1101000000111111000100110000100000001111111110101000010101101000
0110000001001001111011010011011111111001000001100010110110010110
0011001110001011011111100010101000000011000110110011101100000111
1111010111110010101110110010101000100011111011010011100001011000
0100110011110011001111100100011110001101010111110000010001101001
1100010000101101100100101010011011011111100011101100010110100000
1011101000110100010111111000011000101101111101101000101110101101
1011011010010111010011101111100111101100111010010100100100000000
0100010011010111100011011101010011001001001011011101000010101000
0001001100010110101001010110000100100101111101101110101111101001
1000010000010100101011100110001010101000110000001000000111000111
0000011100111100111010010101000100010111110001110010110111101101
0100100001000001000010011001111111001001110000001110100101101011
1011110100111010100110110001110101010000101010001011011100000001
1000010110000000100001101101101100000011010010110000111111111001
1100110111000110001011000111011010110001000101111000011010011011
1000101101000101001000011001000100110000110111101110111011100101
1010100111111101101101100011110101101111010111110000001000111101
0100001001101011001110010110001101110000011011010001001000100111
1011111111011110111110010100001101111010011001011111011111110011
0000110100100100101111010010000110100111011101110000101100101100
1001000100001000100000011101000010010110001001111110110001011100
0011100110111100000001101110010110110111011100010010011110001110
0101011010110011000000101100111001100001110010101111111001010010
0100011001001001000001001111001000110011110101100000010110000010
0001011000001110110000100010011001100001100111111100101101011001
0100000001110111111111010000011111111110110010001101101100010000
1011100010111000001110000110010101100111101010101001111000000000
0010000011000111111110000110001000010111011111011001111101100100
0001001111100111011111100001010100101101001011001010010101101100
1100010110011101101100110001001001101110011100001111001110010101
1000000111011111010100101100001100000000110000111100110011111010
1111101110000111001010110001110110011111010110100111111100001000
0000001101001011111111101110101000101111010011101101011101010000
1100001001000110001001000001101011111010001111010000010110100111
1010111001100101000111011001111100101011111001010011001100010111
1010001001001001111010011010101101110101000111010110000111011001
1101001101110011010101001110011000111001010110011100111011101000
1000011100001000001101011101001100100001000000000001001110101100
0000101010010111100110000000010011010000000011100000010001110000
0100000100001010100000101000100111000110100110000010111110100110
0000011001001111110000010001000000111111100010000001011101000110
0001001011000010001111111011111111110011110001111110011101011110
1111100000001010101101011000110001010001111000111110000010101000
0001100001111100100110100000101110000101010111001110001001101100
1000000100101100100111010010010101110111111111011010011010101110
1101110110010011111011000001011001010111100111110110000101011001
1011010100001011000011010011010101001111011011000110010010110101
1101010011010001001010111100100001101010101010010100011110000001
1010110101101010010100101111110000010101011011111110010001011101
0001101011001111101011000001010001000110010101010001110100010111
0010001111011111111001100001100101110011100110001011100000000010
0010001010000001100001101010111110010000011110100100011001010111
1000101101100110010000100011111010011010011110111000010011011000
0100110101101110001111110100100010110101111010010111000111011011
1101101010000010101110111011000001101001010100111000000000011000
0110001110011001011000000101101101100111111001010100111101010100
0011100110001100101100000101000011100000100000011010110100010011
0111011011100011001010100001101110100010101011110011110001111010
0101111110001110001000011011001001000010010111001010011100011010
0111001000011001110011111101101001010111110111000101010001101000
1011000110001001101011001111001100011000101111010101100110011111
0000000010010001011110111011001110000101101111000000101101101010
0100111100010001111010010110111000111010001011011101101101000001
0110110001100011010001000100111011110111000101000010110100100010
1010000101111111101011100111011000110011110001101100001011001011
1001100011110100101000100000100001001100110001000000101111011010
1010110011001001100001000100000100101100111100100000110011101101
0111011101110011010100100010100000010011111001100000001010111110
1010010111011000100000001011111011100011010000111001101101010000
0000101110000010010110001110000101011001100110000001010101110111
1011011000011100110100101011111101111100010100011101100010010110
0100010000000011010011010000110010001001001111110011101111101011
0001010111010010110110101101111111000011111011111010000110100010
0100110100000101101100111011011110110100110110011010011011011011
1011100111001000001110110010110011000001010010010101010110101101
0010100110101111000101000001110010101000111100000010011011010100
1101000011111111110011001110001101010001001111000011110000111100
0000110010110100111011011001001011000110111011000011011101110110
0001100110110000100101011100000011101000000101011111111110110010
0101111100100110111001100011000110011100101011110000010010000001
0111101001111111100011110101011000111100011001101010101011100001
0000001000110100011011101010100111000011101110100100010101110001
0001010100011111010010001101110011010001011000110111001111011110
1101100101011101011110000001010100010100111101100010000010101011
0100011001101100110010011010110110000100111111000001010011000010
1110010110001111001010101011101111000000000010110000101001101101
1110101000011000101001011100101000011111101101101001111001111101
0100101000100111100001110110101011000010011110110110110000111000
0010100110111001100100010001000100111011100011111110011000011100
1111000101011100111000111111111100111011011101010100111010100011
1011101010010101100000010010001111001111001001011001101010100100
1001010110110111001010111110010001000001110110101001011001010011
1110010111100010100010110000010010100000111010110001011100001000
0100110101110101011110000101011111111101011001111111100101001010
1111001110111100100110110111010011100100111011101000110001111000
0101101011001100001000111010100110010000010111100011010011001101
1010010001100001000111011101000111110100101101011000100100100110
0011011010100111000101000001100111110111000000100011011101101111
0011110101110010011111011101100001000000101101101011000001101001
1100101001101111011000001001111001001000111101010001011000110001
0011110101111110100101001010000000111110100101111100000011001111
0000011010010001101010110110010111001000101110011010100100101000
1011010001010001100110000100110011110000110111001101001011010111
1010000001001111011110000011011000110110101010011001001010101001
1000101001000100101101010101110000100011110100111011110111100001
1111100010100101101110000011100110011001100011110000111100010010
0001011110111001010001011100111000001110110010001010000101011001
0101010010011101110100011101011010000101110010100101100011100001
0011111111100011101001110100000101100110110011001001010010110111
0110101011000100110100110111110010110010011100010000010010010110
1010011111100010110000000110000000100111101101001011100111000000
0101001100000110101101100111101001011101100111100110001100010001
1110011110110010110100110111010110010010110010001100010101000110
1001111011010111000001110100011001010000100100100100000000000111
1111011101011010000001111011000000100110100100101100110111100011
1000001011000001011001110011111000000000010010111101010111001011
0011111001110011111011000000101101010110111011110011001110100101
0111000000100001001100010101101001010111100001100100101110010001
1001001011101100000000011111000110001011000010111000010001111111
1101000101000101011110100100111111110101011101001010011110010000
0100000011100011100010011011100011001010001001000000101101110101
1000110101000010101111001111100001010000001110000011101000100101
1101000111001110010001011001101000011111101000001001001011010001
0011111010011011111001001100001001001100111101010101010011101101
1100011000111000000010000110110000011110010111000111111111011001
0010100011101001101011011111011000110010101101010011111101011000
0100000000000101000100011101001000000001011000001101010011110100
0100000100000011010101101010110110010101111011000010110110001011
1010010001010110010000001010000011010100100000010000101110101100
0000111110010110001111011001011001010110111110000011001101101101
0100100110001010110100100101111000010100111001110001110100011110
0110100110111010110001100111111100011100010110101111001100111110
1001011011010000100010011101111010110101010000101111111000001100
0101111111110010001001000111101111100111100111101110101110011111
0011001111111001001101010110110101011111100100010101000010110111
1000111001111010111100011110001111011011001111011001001100010011
0110110010000001111000001100000010100100010010101111010111001101
1011001010000000111011000011010110011000000000000101100010010100
0011011000111000101010110000101101011000000100110101110111001100
1101011001110110010110001000110001110110000100000001110001000111
1101001011101001001100100100011110100100011111001100111000001001
1001011111001011100000110001101111001010110011001101010110011101
1011110110110000010111010000101011011110010101000110011100000011
0100100111011111011000001110111101111110111000001111010010100011
0100011000101000111110111111101100001001011101100100100001101001
1101111101010101010000101101000110101011100110011100101111100110
0110100100001011100001100000110100011010001010010100011011100110
1111011111100101101010101111000100011111001110101111000101111010
0100100110001100001011111110011001111101000010110100111111101000
0011101011011010010101101110101101000111000100100011101101011110
0010101010110001100011000110111110010111011001111001111011001010
0011110000010110100011100110111101101110001111110100001011010011
1000100010100001110101101111001000010100100001111101011001100000
0011001000111101100011000010100001111001000001101111101011101111
1110100111011111101110110111001110010110110101001101110110100001
0001101001100001101000000101011110111001010010001001111100011010
1101101010011100101011010010011010100100110011011000101101110100
0001100111000110101100000110110010001000101000101000100011000100
1111110011011101100111010100111101001000110111011010100000011111
1101011000110101111111010110000100001010110011111011011100001001
1010010111010011100101000001001101101111010011101011110011001101
0101000100010110100000111100001000101011001100010110011100110110
0000100001011110111110100011100110111101110010100100010100111100
0110100011110110111011011000001110000000110010100110110001011100
1101011110000111011101101001111001110000101001100101110001001110
1000000110101101110010011101101001101100000001100001011001001101
1101101011100110101110110001101100100111010010001000101011001011
0001100111101100110010111101011110110111101011000000110110001010
0011100001011100011000110110100110111111110010000011001110001001
0000101101101101110000101100111101000011100101010010110110101000
1111100010011110001110000100000100100111001111101010011001010100
1000000000000011100100001001100101110100101011100101011101000111
1100100010010000111100010011101101100110011010101110110100110110
1000101000100001010010001110011111001111101101100010110101101000
1001111010110011100101001111000111011010101010101111111000101011
1101000101011111001011111000010111111100010010000001000011001000
0011001000111100011101111010100100001100011010011010110001110101
0101111000100100001000100100011000111010000110101000001000110111
1001101100100111111001100110010000011000101011001001110001101000
0100000101100011110010110101101110010100000110100010111110010001
0111011111110000111011110011100101110101110001110011000010000001
0011010011001011101010011111011101000101011000110111000111000010
1001000100111110011001001101100101010110010001011110110010010010
1001111111011101101001011000011000000001110010010000110000100100
0111000000100001111011101111111100011010110000011001101111001101
0101101101100101110000100101101010001110101100100010011011101100
0110101101101110001001011011110110100011000000000111010100111011
1001111100110101111011001001000101010011001100100011100110111111
0110100100010011000111010100001010000100000010011011001110000100
0010111110110000011111011100011110101011011010010000000000110010
0010100000000110100101011101000001010010100011010011101000111110
1110101110001011000001001000101101110011001011100001001101010100
0100011011100000111111100111001001011101000010000010101010111110
0011110001100011010000111101011000011111110110000010101000110110
1011001001101010000000011000110110010111100011110110000001010110
0011001101101110100011010001111001100001011011100100010001010111
1101101101100101100110111100011010100110101001111111100011110001
0010110000110001110001110011110111100000110011000101011011011100
0100000001110011000001101111110110011001001011011111101110100001
1101100011110000100101110011010011111111101001111000001111110111
0001100110111010010111100100100100010111100001001110010110110001
0101011010001110001100010101111100001101001011110011000001011110
0100101010111100000010000001001101100010101111001011100011000000
0110101000011110011110111100001101111100100110001010010100011110
0100010010000101110011101101001111100100101100000001001111100000
1000000110110110110101001001111100101000011101010101000011000110
0010001010011001101110011100100001100011100110111110100111101001
0100000101100010011100110011111100110111011111101011010111010101
1110001101101001111100110101000110110111010110111110101101101001
0110010110101110010110001111101101011100111100001100010010000110
1101100010000111011111010010011100000111100100101101011111001001
0101101100000100011011110111111100111011000010000111101111111101
0010001111011101011010011110100001100100000111000100110101011110
1101011000011111110010111011001101100111100010011110100010001000
1000101000000111110010010110000111101010110100101101111011011010
1100101110010101010011100010100011100111000100000111000000100000
1011100001011010100010001100111001000100101010111011100110101100
0000000101100000001010011100001010111100001111011001100010001100
1010011110001101110000101101010111001101000101010101010011011000
1001010100111001000100110011001010001010011100011001100101000011
0011100111101111001101100101010011101100111110100010110011111000
1101011100101001001001111000111001110110010110100110011100010101
0101000011001011000000101000101011000100111000110110010011001011
0010010101000011001101001111000100000010010011010000111001011000
0010000001001100001110110100110010100001111110101101110011111010
0011000110010111101101100010011001000000001011100101000101001001
0011000010101011100110101010111101011101011001011000110110000001
0011101110010100010101110100010000101000111101001000110000101011
0011100111100011110000110000110000011101101000010101010000011101
1010001011010000000010000010001001111010111011001101110011111001
