1100111100010101100101011110000010011000100100010011000110110010
0110111001100101110010101010110011100100101110101000111111101101
1100000101010111010000001010010001010100011001011110010011100010
1101011011101100010011010111101001100110001101000101011001110000
0100110101100010110000101011100101000100111001010011101011001101
1110011001110101010011000011010111010111000011010001010000110101
1101001000110001000000111010000000000100000100100000011011001100
0010001000010011010111010110100010111111100011111110101110101100
0001000111001001110101100100001101010011011010001111111111110110
0010000100010110000101110000011010001011110001000101010000101101
0010110010001000001011101111011000111011010100111110010110000101
0110101100001100110010000111001101011011010001001110101100101001
0000111011011011010000101011001001101111010100100111101111000011
1100101011100111000111011111101011101111111000101110011011001111
1010001011110100011010101110000110011111000011111001011011110110
0101001010100010101010000100101000000101011000001101010000110001
0000111110110100010000000000001101010010000001011001100110101100
0110100111111101111111110101010001011100111100000001101010111000
0110010100111100101111011101101011100000110011110010011011100011
0100000011111101100110101010101001100100010111100101111011111110
0100100000101011110001101010101111010001101111010101001111000001
1100010110101001010101011001010010100101000010100000100100110100
0011111110100000100111110110111111000100101001110000101000101010
1100101110101000100011011100110100100111010001100010001000111010
1111100111111001101100001011110000111010110111110010101010000010
1100111010001101010100100110010001111000000000000000110000000001
1101011011010010001110000010001011001100100111110000111011000001
1110111000111111001011110000001010111111100011100011100011011001
0001111001101111100111001010110100010101011100001010011100011110
0110101011101110001001000110001111110010110100100000011001000011
0111111100011101101001110000101111000100010011000100000011101011
1101111010110000101111100001100101011111000001010010110111110111
1101011010010110100010010110001001001110001111110001010111000010
1110110010010110100010110010010101101101010110101101001110000011
0011000011001100101000010100110000000111000010111010010110110011
0001100000100110100101111001011100100111100011001011010001011011
1100000011001010001010010100101100010110111001011100010011010111
1110000100101111011010001111111111110010101110000101001101010101
0010100110100000111001011001101111110110011100101000000110001011
0110011001110101100110001000000011010010001010100010001011100110
0110010110010101000110101011001100110010111110001100000000011000
1100111111111110010010001011010101101011110101100101111110111101
1010000010100111100100010001101001000100000011111110000000001111
1011101111010100001100010010111111100111111001011101101010100100
1100100010000111110000111001100101001100111010111000110110001011
0001100011011001010001110110110011100111010001011101010000100100
0011000101000110100010111101111011011101110000101110011000011100
1111101010100010001100000101101000100000110010010101001001010011
0010101101000001011001001001011101110111111011001110011011101000
0110011000100101110100010100101110100100110001001101011110000101
0001010110111000010000010110011011001101011111010100001011011000
0001110111000010111101110111111101011001010101000001101111111011
0100000111111100110001000010100000010001000001111011101011011010
1101001100001000011011000001010001111000101011010000110111111100
1100000001001100001000110111101011010001011001010001100001001000
1111111010011100011000110010100011001100001000001010010010101100
0000011110100100101000011110001100011011000010011101111111110111
0101110100101110111100101100100001000001010111101100000100010010
0101100101001101100111101001110111001000010110001010000101100101
0001100110000011001000111101100001110001111001000000110011001110
1100001100010111100000000010110111011100101000100011110000001100
1010011001001111001010100100111001001000001111100010011111100111
0110110111111110001101100000111001101100100111111101101000101010
1001000101111111010111111101110110000000101000000000000100100000
1100100010101010000111111111101000101111010011101011111011111001
1100001010111101100111111101100001010011011100001000100100001000
0101100101011111001000111111100001110010111100111110110100001100
0000010110100111001100011101111110010101000011111010100000100101
0100100100101010100010011100011101000010101101001010010010010111
1011111000111001111101011010101001001011110110010111011010010000
0100111100111010011011001111010101101011101100011001000111001000
1011000001000010010000011111110100110010001001000010110111110101
1001110000101101001011101100001011001100100100110101000000111010
1011001101100010000010000011001110001011101101101101011001100100
0011010110110000000010100110010100100011100011110010010010011110
1011001100001101000100010100000110000010001100010110000001101000
0110110110110010010011011010010110101100101011000000000101110100
1010101000111011111011100000111001111111110110110100001111111101
1001100010110010001001010110100010100001010111010010110001001011
0100000111111110011001011001110100101111111100111100000011110000
0100100100110000100000000111101010011011000101000010010101011001
0101000011011011100101001100000100011100001101111000001100110010
1001010011100000010010001001010011010110000010110011110000001001
0100111010000110001000010111001101101110001000100110011100101010
0011101100110101010100100111010111101010001101111001101101001000
0100001100001101010000100101000000100011101001010110101101110010
0000110000000010110110101111100100101010110011100001010000001000
0110111110111100001101011100101000011111100010111010010001100110
1110100110011010011100010000001011010101111000011100111111011011
1100100101111101001100110001111110011000110100000010111011010010
0001010100100110000111000111011001110001000001001100110110111001
0111000000110110001110101000111101101100011101111100000111111101
0100111100011100111010100001010100101001100100111010011110111110
1110100100101001011010111110001010010100011010100011101000011111
0011000110111110000000110100100111110110011010101100110011111111
1111100000100100010100100000000110100011100010000011110101001011
1000000111000001100001110000000101001011010000001001110110100100
1001000101011111100000100111000110011011111100001010010111111011
1110110101100110101100101000000011101110110100000111111110000011
1001011010101100011011010101101010000000111010011000000001101101
0000011011010011011110010010000110100110101111010011000101100100
1011010111001111011000101010111001001110111011100111011110000101
0001010011000111010111101011001100100000100110001110010100111111
1001001001111010111100011111000000001101111010110111111100110110
0111110000000010101111101110110110011000101011101100110100000001
1001001110010001111101100111010110111111010100010101101111011110
1110011101010000100001101110111111000100001110001100110000100000
1111111001001110111001100001101101101110011001010101001001101111
0000010011100010110011010100100000110110000000100000101110010110
1100000000000101001001011001010100100000101110011001101111111110
1011010100011010000011000110011001100000000010011010100110101110
1010010111101101111111110001111110100100000110101101110011100111
0001010001011110111111001111010101110100000100000111101111110000
0110000001001111111001001101110000100011011000101110001000111000
0010101111111010100101011111110111010110001010001100010001110100
1100101000000001101010011100000011001001010110101100000000011101
1111001110101011001101000110111101110110111011110010100001101010
1111011100011111010010101101111000001001000100110001010011001011
1100011110010001001110100110101100110101000000000001100011100101
1011000101101010111010000111101100011111001000110011110100000111
0100100000111100001011010001111100000010000101000011101111011101
0101001010010101010101011011110101011001110110101100011000010110
0001110000100101001001001010110010001011011010100110100101111000
1010001010010010000111111110100000000000001000011101001101000001
1011100011100010001100010010100001111001100011111111101110101010
0001010101101100011110010111011111100100100100100000111011000001
0101001110111101010101001111000111101100110000000100100111101110
1011010100011101001011110110001011000100101101101101011001100110
0000100001000010101010110011000110001111101110001101101001100000
0101100011010001111100000101110100100111101111000011111111010111
1101010010111110100100011010101111000011100001010000101010110100
1101001001001011001101000100010101111110101111000010111100001011
0110111110000011100000010010111111111011010101110001001110101000
0100101110011011011011101100101011001001010000000011011000111000
1010000111000000000110110010100000000111100110001101110100101001
1101100111100000100001001100010100100001001111000110011111000111
0100000010010010100101111110101110110111110001100100101101111011
0011101101011011000111001111010110011111101001111101110110111110
1110111100110101010100100010001100100101111011110010001011010000
0001101010110000000000000101100100010100001001111100111110110111
0100010010000010001011001100001111000101001111101011000001111110
1011001001010000100001010111000100001010000100011010011101100011
0001110001011101001111101000110111001100110101111010101100110010
1010010001111110110001111100000001000111001010001001101000001011
1001110100011110110000011101000001110001000000110110000001001011
0101101000101001101100111101101000100101000010111010000111110101
1100101011100110001001011011100101111100010001010100011111000000
0101010001110000101110100111011110111010110110110111001000000011
0111001001101100110101101011011101001100010100001101101110000110
1101001100100110110000100001110000000001010000111100001011001011
1010001011000111011001000001111001011111101000100010111111011110
0000000010000101111111110010000000011010101000110010110111101100
1001110101111110100000001100000100000111000110011010110000111010
0101110100111100011110010011100011101001010100100011011110010101
0000110111100000000011100000110111010100000111010111001000111100
1110101010011010101110110010111001001000110001111111010110011110
1101010000101010111110111011001010111000011001000110000101110100
1101101100000000101000111011100111011001111100011011110100011001
0001011110110011001101111011110101111111101111000111100100010001
1110001101100010111010001100101101000011000100110001110110001001
0110111100010010100101010011001000110001000110101100001010111010
1010111001110000001001100010101101101110111010001100011100000100
1001110110101100111011010011101111110110011101000110011000110110
1000100001110111011111000110011001111111000100001001000011100110
0111110011100010111011000001100001000001101011011000101100001001
1001110001110100110000110101000001000000001101010001010000101111
0001010000111000000001011100000100110110000010011000101110011100
0111011011000100110011111000111110010100010010010100011111110001
0101001000011001011101110011100100011011111011111101100110010010
1011011001011010110100110001000100010100011001110001101100001010
1110101101001001011010111101001111101010111100010000000001011110
1010001110001101100010011101001101110010001111010101110000001001
0001110010100101010000001101110111011101010000010001000100010000
1101111111001010010101101111010111101110101110100100000110010110
1000010000001101001011011010011001010111010111000010001010100110
0001101111101101101111011100011110100001010101000110010001011111
1111111111001010010101100100010110010101110010110010101011101000
1110001001011101111100011100101101111001110001101101010011000010
1100101001110110100110011001001110101110111011100101001110010001
0000100010000110001011100010011110100010000100010001110001011000
1010010011110110100000010111100111100110111011011001110111001101
0000111011110010010110100110011001101111110011000111010100011100
1000010001001011110010101100000000001001111001101011001111100010
0111001000011001010000001011000010101000001100100111110000101010
1011010011110000010001100111001011100111101111011000101100101100
1010110110011011111110101110000010110000101011101001011010101110
1100111101001000001111000001100011110111000011001111110001000111
1111111111110000101111100011111001000010000001111001101110111111
1111111000011010010100001111000000101000011001011001010010101010
1100011010011100110000001010000010101000010100101111010011000111
0101111000100011001000110001001001100010010000010110001001100010
1001110001010110111011011111010101010010001010100101101101111010
0000110011100000101011001010100001010000101000110110000000000001
0001000010011110001000001010110000100001000100011111001011111110
0011110111110000110001011010000011010100010000011000101111000100
1100111001000001011011101101001111100101101001001110010111010100
1101010110000001110001101001001100101010111011011100101100110110
0011101101100100010111111111111110110110110011100110000011001100
0111001010100001101100001000100011001001111000101000010101001101
1011011011001011101001110101001100110010001000001110000101001010
0011000000010001000111101110111011001001100111100010111011111101
1111001011000010100001110110111011100001011101110111000101001110
0101110000011010011011000000001011111111011010010011100100011001
0010011000100000011101001100110000100110100011010111010100110100
1110010101000000000110000010011101111011111001011001111110001101
1011111110000100000110001110010010101000101000110011110011001010
0101001110101011000101100100101010111110000001011000110100010011
1101101001111011111010111110000100100101011010010111011000011111
0000000000000000000000000000000000000000000000000000000000000000
0000000000000000000000000000000000000000000000000000000000000000
0000000000000000000000000000000000000000000000000000000000000000
0000000000000000000000000000000000000000000000000000000000000000
0000000000000000000000000000000000000000000000000000000000000000
0000000000000000000000000000000000000000000000000000000000000000
0000000000000000000000000000000000000000000000000000000000000000
0000000000000000000000000000000000000000000000000000000000000000
0000000000000000000000000000000000000000000000000000000000000000
0000000000000000000000000000000000000000000000000000000000000000
0000000000000000000000000000000000000000000000000000000000000000
0000000000000000000000000000000000000000000000000000000000000000
0000000000000000000000000000000000000000000000000000000000000000
0000000000000000000000000000000000000000000000000000000000000000
0000000000000000000000000000000000000000000000000000000000000000
0000000000000000000000000000000000000000000000000000000000000000
0000000000000000000000000000000000000000000000000000000000000000
0000000000000000000000000000000000000000000000000000000000000000
0000000000000000000000000000000000000000000000000000000000000000
0000000000000000000000000000000000000000000000000000000000000000
0000000000000000000000000000000000000000000000000000000000000000
0000000000000000000000000000000000000000000000000000000000000000
0000000000000000000000000000000000000000000000000000000000000000
0000000000000000000000000000000000000000000000000000000000000000
0000000000000000000000000000000000000000000000000000000000000000
0000000000000000000000000000000000000000000000000000000000000000
0000000000000000000000000000000000000000000000000000000000000000
0000000000000000000000000000000000000000000000000000000000000000
0000000000000000000000000000000000000000000000000000000000000000
0000000000000000000000000000000000000000000000000000000000000000
0000000000000000000000000000000000000000000000000000000000000000
0000000000000000000000000000000000000000000000000000000000000000
0000000000000000000000000000000000000000000000000000000000000000
0000000000000000000000000000000000000000000000000000000000000000
0000000000000000000000000000000000000000000000000000000000000000
0000000000000000000000000000000000000000000000000000000000000000
0000000000000000000000000000000000000000000000000000000000000000
0000000000000000000000000000000000000000000000000000000000000000
0000000000000000000000000000000000000000000000000000000000000000
0000000000000000000000000000000000000000000000000000000000000000
0000000000000000000000000000000000000000000000000000000000000000
0000000000000000000000000000000000000000000000000000000000000000
0000000000000000000000000000000000000000000000000000000000000000
0000000000000000000000000000000000000000000000000000000000000000
0000000000000000000000000000000000000000000000000000000000000000
0000000000000000000000000000000000000000000000000000000000000000
0000000000000000000000000000000000000000000000000000000000000000
0000000000000000000000000000000000000000000000000000000000000000
