0000100000010011000111100100010100001000011001010100011010000110
0000110111011110110100110111110000010100111010011011100011110110
0000011101011010111101000110000110110000100101101110111000010001
0000110100101111101001110111100000101010111010110100010011111111
0000000000010001000000001011101101001100001000011000110110010001
0000010011111001111110110100101101110100100011111001011110010111
0000000100000001110100000011011001100100011100001111100000000001
0000000011110001010001011001100000100000100011101001101101001111
0000010000000011011110110010011010001111001000010011011111011001
0000000110100111011010010000110010111001011111011011111100100010
0000010000010110111000100000000010110100001000011100010101101111
0000110011100001110000101001111111100000111001111000111100001010
0000010011101101101001111100110011101101001011111101001000000011
0000110011101100111110100111110110000101100011000110101000100101
0000011000001000001000011010011010100101011110010101101010111100
0000100110111100111110010101100111111110100110011101110101111101
0000011100000011011010101101101110100110010111000100000001100000
0000100000001100101010110111110111111100101010001100110111011110
0000110010101010001100011111101100101001001011001001001011010000
0000100111101000111100111100011101010111000111110010101110111001
0000100000011001000110100000000101100011010001110100111111100111
0000110010110111111000010001110110011111111001101100111101100110
0000001101000110000100001000001111011110101100010010101110000100
0000111001100010110001101000111001111111101001010111101001001001
0000000111011010001011011010001010001000010110111000010011101110
0000110011111101100101110100110011010100111101010100111111001100
0000000100010110100100101010011101000010011000011110000110010110
0000110101111110100000100110100111110111101001101111110010100011
0000011100100111001001010100001101110101001100000011000110111111
0000011111111101100110011000111011001010011010000110100111111000
0000011110101110000001100011101000000100000100000101010101110110
0000111010010000111010110001111100010100111101100010110011011010
0000011100000010000010000011001001000010011011010101101111100000
0000100010001100101101100001100001100101111001010100111111110110
0000100111101000101101100000110100100111101110001101101111101000
0000110110100011100101010100010001011011101011110010111100110101
0000010111011001010110000001000110110111011101110010100001001000
0000101111010100110000011011111111110001101101011011000101100000
0000110110110110111000001001101000011001001001011101101011100110
0000101011011100100001111000101001111111111010001111101001110101
0000000000101010011011000111100010100011011111100001001011010010
0000110001111111110001111111111001011111101101111011101101101111
0000000001011111101100010011100000001000001101010011001110100001
0000110010001100100000110010000001111000111101111110101001110110
0000100111001001111111111101000010110011001100111100000000000101
0000110101111010100110111110100101101111110101111010011001011101
0000100110001111111110100000100001111011010001000000010110001111
0000100010010110110100000011010100101010111100011110111111110110
0000000101111111000101100101000000100101000110100101111011010011
0000110001010011111110110010100110010101000000010000101001111011
0000000000000111111001111011000110000101101100100101101111101111
0000111000110000000001110111110101111111110100011110010001111100
0000001010110000111010110001010010000001001111010111101010001011
0000110100111111011111011000110100011101110111110010111110111000
0000111101111101110001001111001010101001110000010100010110101010
0000101010111101110111100000000111111111111101100000111110110000
0000000100101111010010010100000111011001000101001011001111001001
0000110111110101001111010011100010010101111010101110010010111101
0000011011100010000000000110101010001000110001110111111000100111
0000010110110110101101110100111111111101101001111101101010011100
0000100100100000011010111001010111101001000101010100001011110011
0000110000011111010000110011011011101100100011100111110111100000
0000011111100100000100000010111001100100100101101101000100001101
0000111001011111111100111010111000101011010001101111111000110100
0000011000000001011101001111000100000011011011010101011001001011
0000100010101001111111010001100001111111110110010011111011100000
0000010111000011011000110000111110100101011100011100000001000001
0000110001011010011100111011100010011100111001011000100000111010
0000011011011000001001010010110000000110010001001111000111010011
0000100100011110111101101100011000001001100100111011110000110111
0000000010010010000101011001011101011010010101001111011100111001
0000100001000010100111110011110111110011111000001001101110000000
0000000100001110010001010011000100100011100001100111011110111101
0000111110111000101101001101100011001100100111100110001000100011
0000001011011101000001111001100111010011001111101000101110010110
0000111010011001010010001000101001110001110110001010110011101011
0000101000000101000000111110110011011111111001111101011110101111
0000100100101111111101100100100101001101101001011111101101110111
0000000100101010010001100010001110011000001101101100010100011001
0000101011000001111010000011100101010110101010100011111011101111
0000010100100111001000110100000101000010010100001000001101001100
0000110101000011010101011101110110010100100100010010101101001011
0000110000001001001011001111001001011110010110011111110010001010
0000111011010000111110100011100111111011100110111010110010011001
0000000100011000011011000110100011011011101000000011001110001010
0000100100001000100111111011100100110000100010011111100100011010
0000011010010101011011001000111000011011010011001101000010011100
0000111110000001101111010000111111110010110111010110110011000100
0000011110010110001100001000010010001000000011010110000101100110
0000100000111000100001101000110011011001110000100100100011011010
0000010011000101000000110101000000010001010100110000011000000111
0000100000101110100111000110100100000100100110010011110110101110
0000000010111000110010110001101110010000000111011011001000010101
0000101010001100101101001100101100100111101110010100101111001111
0000100011000101110000100110011010110000011110100100011111100110
0000110001000000110100011010101100000111010101100111110001000111
0000010111001101001010011101010011011010011011110001011011111101
0000100000000011111010010001001111010010110001011010100111001110
0000010100001100010000110001010101001111000011100101000010100101
0000100010111000101011101010111111101111001111101111101111001010
0000100001101111110010000001011110001001000110100111011010000001
0000100110100110100011101000101100100011100100010101100011100011
0000000111010100011110011110111100011100000001010010010111111011
0000110111010000100100001101111010010100000100000000100101100000
0000100110000000010000000011100100100111001110110101101010100111
0000100001100100111010101001111101000011110001100110101011000001
0000011111001100101100100100001001110001000011100111010110010111
0000101111110111111011011100100100010110111001111111101100001010
0000111010011001100010101100010001001011011110000111010111010000
0000101100011100100101100111111000000001111110100000110010000000
0000101101001111000011000111001101011110101100000111011001000101
0000100101101111110101001110010110101100110101111110111011101111
0000000010001001001101100111000101000000001010000111010110111001
0000101101111100110111011001111111100100111111110110100001000100
0000110100011110010101011000010010001111000010011001100010000010
0000101000111011101010001001010000110001101101000010100100100110
0000001001011000111110110001001011001000010100011011001010010001
0000101111010111001010010100000010000101111101111001111011111101
0000000011100010010110110011011001100000000011110111000101110111
0000111011010101111010110001111111100110101011101101100110001000
0000001100011010010000111101001000111000011000110100011100000110
0000100111110011111100001101101100101000110000000011100101101001
0000001110000101100100011111111101110110100101000010001000110101
0000101110100000100111100100111111010100111001000111111001110110
0000000000111101001000000000110000101011000001110110001000000000
0000110111001000001101111000000011001000001111111011100000001100
0000011011000100101000011000110011000010001001010111000010111000
0000110010011011110111011000110000111000111110111001101101111011
0000011010110101111100111111001011101100101000000110011000000110
0000111001000010100011001110111011011000101011001011111111000111
0000101101001000110001000001111011001001001011110001011010001100
0000100110001001100101010111110110000011100110011101100100111111
0000111100000111100111100100010010000110110010111101110010000100
0000011101000000001101011011110010101111111101100001010001011011
0000000101101100100101100101101111101000000101100100000110100100
0000101111001010101000011010001000111110101000000010111111111010
0000000011000000001100011110010110101100001110000100000110011000
0000110000011101101111001110100100111010100010001101101011101101
0000110000100100100111111101111011101010110111101110000101010011
0000101111010000111110111000001100110000011000010011110001111110
0000000101010011111100111101010111010111111101011010110000001101
0000000110100110100011111101100011010011101011101100100001101001
0000100101001001110100000100000111110000000101000001000110100000
0000000100001011001001010101011001101100010111110111111101110101
0000010001010010001000110110110111011100001110000011100011010101
0000101111111011101011001011101000111010010011110001110010101011
0000000101011111111000000111101100010111111001011101110000001111
0000111101011001111001011111100011101111110100100101111000101100
0000110001011010000001000000110011000011010110111011000111110011
0000010111100101010111101100110001110001100001101001111011110111
0000010000100010000000100110000000110110011100110010001100110010
0000101001010100111001011000101111111111111010010100100110111111
0000001100111111011100100101000111100111100110100111101000100011
0000101000100010011011111011011000000010100101110101111100100000
0000100110001100111100011100010010010110011110000101110100100000
0000001010110110110011111000100010011001100011001111001010000111
0000001110000000011000110100111110011010110101110011001100000000
0000101100110010100100110111110001101000101100001010100110011100
0000011010110100001010011110000000101100010110110011001000000110
0000001001000001111001111000011000110110101010001010001101000110
0000010100011110111001010000011000110000100010111000000000111010
0000110000111001111000011011110010101111101110111100110001111101
0000010101011100011001100000110110101100000111101110000101110010
0000111010000100111111001100100100111101111001111010101000011110
0000001010000111110110001111101011110100000011110011111111000101
0000000101000101110111110010100101110111100100100111100000011000
0000000111110010010111101111000001101111101101101101011111111111
0000100001100110111001011101101000110000110011101111101001110011
0000100100000010010111111010110111000010000110001110010110110000
0000011000100101010111000000000010111101001011100000110010110010
0000010000001011000010111111010110111111001011110111100001110111
0000110011111100011010101000011110000000010110000110001001001111
0000000001100011000001100001000110100001001001100000000011110000
0000110111100010111101101101111110111010111101000110110110011101
0000100010010001000010100111110010010100111011100000111010011100
0000111000111101111100111100100100110111111011101110111001011001
0000011001110001000011100101001000010001001010011001011010110000
0000010101010011001100001001110110110111101011101011110111111101
0000001100010011110101010010110000100001010011101001010001100111
0000111010001011101110111101111100010000101110011111111111111000
0000000110010000001001010001000001000100000001101000001001000100
0000110010011001111000110011110001011000111100001010111000010010
0000011010011101111111011100010011110110100010101111010000010010
0000110110010111101011110101101011011100000001000011001100100001
0000000111001011100000010110110001110111011011100100100001011110
0000100110011111101001111100110010110011111001000011101000110111
0000000111001001000110100011001001100001001011110001001011010001
0000110001010101111010110000101110011011100100011001010010110100
0000010011101100110010111111111011110100111001010001101101111101
0000101100101010001010010110100000111111110101000011110011100100
0000100011100111101000100001010111101000000001100010011001110111
0000111011010010001001101101111010011111101010011111100011010110
0000110110010101000110111111110111100001000011001010010110000110
0000111100110011001100100011111001110011100011100110110100111110
0000110010101100101011001101011110101010000101011001000101000110
0000110101001001110111101000110111101100011101111010001101010010
0000100010100010000110001010101000110011101010001000111100000101
0000100010110000010111000101101010011110101111010100101101010011
0000010101110110000110010000001000100000000011111000011010111000
0000000010011111001110111011010010011001101011111001100010001001
0000100001000010011001100000001001000001001001100101011110010011
0000100101000101111100001111100010010010101101011101111101000110
0000111110011010001010000001001100100100101011101101001110111011
0000110110011100111111100000100111001001100110110100100110101101
0000000010001110101100110010011101001110100000000111000010100000
0000010111001110110010011110110010000011101000101011110010110000
0000100110110100011010100110101001100111011111011011001010000100
0000100011110010111011011010111011101110000001101010011000111010
0000010001000010011000101111000001110010001010100110110000100110
0000001110000000110001011101011011100100101111100011100111111000
0000010000110011000001010010110101001001010101001001011010000101
0000000000110000110101111110100010000110000111010111111011101101
0000011101100001010001000000110010101010010110001010000100000100
0000000111000101100001111100000111101011110101101100110101011101
0000011111011111110111000100000101011111011011100001011001101101
0000111010010000101001011110001010011100111110011100101001000100
0000100011101010000011101010000110000101100010010001100111101011
0000110101111010111111101111110101111011101101000011100111100010
0000011000000111000010100010000000110111000011100100000000000101
0000100000010010000011100101001000000010001110101001001111101000
0000001110111011000011111010000000010100111100110011001001010100
0000110011101000010110101011110111110000111100001011011011001000
0000000001111101010000000000011100100101000001001111010100001001
0000100010001001001011001011100110111010100111111001100010101011
0000011100101100110101110110001001001010000100000010000011010010
0000110111011011111011010001100101010101111010001001111110110010
0000110001100010000110000111100111010010011001101100001101000010
0000100010110001101111010000100011110011111111100101110111110000
0000001111100111001010100000011001001010001111101111100010100111
0000010001010001110111101101110101001001010111010110110001111000
0000101011010100000110001001100111010101010111010101000111011001
0000111100001111010111101011111010001011101111011000111100110001
0000110100110011110111100100010000000100000000111000011100000111
0000100101110110000101100100100111100001101111010111111101101101
0000000110011111100110001000101010000011011000010100100011000111
0000101111001011111111010010101101000011001100011011100001101000
0000111011000101000001000110001111000100010101011101011101011100
0000011000011000010010100000011111101100100110001111110100000100
0000000110101100111111011100011101011001010100100100001010011100
0000101111001101110011101111000110111010111010100111101111101011
0000010110100010000100011100001011100001000101000101101101100100
0000100100001110100110001000010000110000110100111101011101011010
0000111100011110111000111100100111111110111101110100001011111111
0000100000110010011010111001011011110010011111111010110110110010
0000100010101101100010110100000001001010010000110101100001100111
0000100000011111100100111101110110011010100000011110111010111100
0000101011010100100100001010111000110001001111111110110100110100
0000100011010100101011111100100111100011111111100010101001111100
0000001001111101000000001110011001101111011001111000000000010110
0000100110010000010101010000110011111011111110111001101011111000
0000000100100010011010000000101001100001010100110000001100001011
0000111010011100100011011101101010011101111101010010101101010001
0000010010001001111001000001011011010010001000110110001001111000
0000110011011100101101101100100010100110110010100001111111100111
0000010110111100111010010001010110100100010111101010111001010010
0000101111011001101110011010010110110111100010001001101111010010
