0001111000010100000100101000101011011101100000001100101011000100
0011100110000010110100110101001001010111100000110110101100000001
0000011011010100101111001111101101010111110111010101110101000101
0011111010101001101011111110100110101110101110011011100011110110
0011010111010010011101010111011010010001010111111101110110110110
1001110111011110010011111011111111010011000000100101001101111010
0011000000110110000110000001111011011101001010101100011010011010
0010111011000111110010010011110111100001011011101001111010000101
0011100011000111100111010010001011000111111000010001010110001001
1010010111010110101111100011100011011010110111110001100010001111
0110001100010001011010110100110000010010110001011100000101010000
1100010001111111000001110010110000110010000000111010011000001000
0000100111111001011001011100100001110011101100000111000110000000
1011111111101001010111011001001100000010000000110111100111101110
0111010100110111001111100011110111000100001101010011111111101000
1000010110010011011011110001111000000010001111101000111111010111
1011101000010101010101111011001011001001110110011111101000111110
1100111111111010101011100101100100001111101010101000000111101110
1010000110110000110111100010111000001001011111000001000010110010
1100001111110001101010110010000010111001011110000000011100101101
1110001110110101000101000100010000011110111000100001100110111001
1000111001110000000011101000110111100101001010001001000100110001
1100000000011100110011110011101100001011011101010101011001000000
1001101000111101000100010001001001000000010001010011000100001001
1101010111011100101111101011010000010001100110001101101100111001
0101010010101110111011101011010000110100010011101100001100000101
0101100110000100101011111111010100101110010100011001110111010101
0001111001101110000011001111011011110011000000011101101010000011
0101011110000101110000011110111100111001001111111000011110100001
0011101110111110100100110001010100011110010001010001011001010010
0001010101000101011101111111010111100001011010101111111010100101
1101110011100000000010101111001011001100111011010110101010101110
0100010010000110110111000001001001100000111010101100001000001001
0111010000011111100101011100000001000101000010000100010100101100
0110000010110110011111101101011110100001001110010110011111111110
0011010010000011100000101001101001111010010011001111010010100101
1111011011111001101101110111110001110111111111000011001111110100
1011110111010011011100010000001010000110011000100110000101110101
0001000100111111011110001101000001110001010100001011110000010100
1010100111110000000000111101110101010100010110101100100011100000
0100100101110110101011001011100001000000111101001010110101110110
0010010101111110010111110011011110101010000110010101100000001011
0100001001010000110011001010010111101000100111101000110111010011
1001011011000001000110101101001100010011110010101011110101110011
0111011001010001101101100010000011111000110000101101001010111000
0110110101100111001001111011001111110110010100011101111101010011
0110001001000100000000000010010110110000011100010000011001001000
0110001110011101010001100100101001100011110101100010111011111010
1001100111000100110100000100011111100011110101011001010011011000
1110100011100010110111100010101000111010011100000011111011110010
1011111101001010001110011100100110101001000100000010100011111110
1110100000111101101101100111110111001110100011011111100111010100
0101101001001001101101111101001000000010010001111001011111011110
1111001111111001001011110011000100100001110100010011110110101001
0010011010111110000100100011000000011111110100110110101000000100
1111010101001001000110000000001101011101011110110010100110011110
0010000101010100110100101100001010011101101110000011110100001100
1111110001001011000011011110011110110110011000011101100100010111
1010001110110111110011001100110010100011010101111010011011010110
1111111000001110101110110001000100110100011010011010010101111001
0011011000000000001000100011100011111111111101010010111101101011
1100001101001100011001110010010110010011000010000001100111100000
0111111101110101110011011101010001111100011011010010111101110001
1100100011110001010011001001111010111011000010110111100001000001
1001011000010011011010010101100010110011110001001000101110011111
0111011000011000110101101000010111111100100000110101010110011000
0111100111100100000001101100101011111100100010000001001001001001
1111001101110001010001110001000000000000110101110000100110011101
1010110011001111000101001011110010001000100110110101010101111000
0010110111101101100111100101110010011110101001101010001001100010
1111110101010110011100101000000010000001100101100000101111011011
1111101101011101110011011010011110101111101011010000000111110000
0111011111010010101011111110100010110101001101000101001110001011
1111001010101110001011010010001000010111000001100100001001011001
0110111110100001001011001101011111000001110011011011010111111110
1110001010111101000101000001001111000100101101111000101010010000
0110000110111000100101111010100011000010111111100001011011010111
1101000001000111110010100001101101000111001001100011000111111001
1000110110010000010000110101110000101000110110101101000110011111
0110000000101110101100101110100111010011110000000011101000110111
1110010100010110111110010011011110111100100101001000001000010111
0010011101101000011111010101101110110111100111010010101000001011
1001011100100110100001100111000001001011110000000010101000000110
0110011111111001001010100001110011111011000100010011101101100111
0001010111110111111001010110010100100000100110100101111101001110
0100100100110000100010101111000100010111101111100010101000100001
1001001001100101001100111001110100100010010100000010010001001010
1111111010001001011110110010011101101111001010110001100110111010
1001000111010001110111101100111100000011000010000110111001010110
1001010000111100100000001000000010101001001111001111101100011110
1111011001110011101111000101100100001001111101111101000010101100
1000011001000010111011010010111111111000100010110001111101111010
0100000110110100001110100111110100000011111101110011100010100101
0010100001011001001100110010001000000010101001011001110101101011
0111110101100011010101111001100010001000000001100100001011111100
1101101001000011110010100100100111001101100100000001111100001011
1100000100011011100001111110000010100011010111101011110100111001
0101110100101111101001110010110000100001100111110011011001011010
0011011101000100101100011111110001100011101000100100010011000100
0101011101000001111110001010100100111110110110000111001011111101
0100101110011110101000001100100001101001011100001100100101010000
1010110110100101101110111110011110001000100111011111001111100010
0110000010011111100100111010011100001011111100001100001011010010
0001000011111110111110111010010001010101011010001000101000111000
1110001001000110110000000001100101001111000110011111010000111111
0011010100100101110101011100001100010110100101011000000111111010
0100000010000001100101111101011010010000100001011100011110001101
0000001000111011001000110001010101100110110110110000001111001011
1011011100111110000010010000100011000000000010111000000111011001
1101110110111001100110101011011110110101001010000010011101111010
1001101110100000000011100000100111110101110111011111100101011110
0110010100001001101011100011110100011101110111010011111101000011
0101100100111001111001010000111001010000111111000000010001001010
1001000111000111010000111101001100111111001111100001001110001110
0000001001000001001001000110010010011110101110010101010100000101
0111110110001101111011100001100100000010000100111010000100110110
1110110111000110000010111100010000010101011000011000111101000111
1001111011111000000110111001111011101100011011000010110000111010
1101101010110011101101111111000101000010011010000000110001111111
1001001011110001000010001001100101010011110101100100001010111111
0110010100001111101011111111101001011010010010010110000110101100
1111111011010001011011011000101000101011100011100100011101011101
1110011111100001000100001100000101001101001011011000000011101101
0000111110111011001011001101101001000101110000100010101010111000
1110010000110010100011100010001010111110110110010101011111001100
1111110100111101000101110111101011111110100101001010010110000110
1111100111101000001100010111100011001000001110011101111010011011
0011111011001011101001101101011010011100100101011001011111111010
1011111000111110111110110111010000000001010000101011001000111000
1000011110111111110110011111101010011000110000011110010000010110
0011100100010010101011101111110111011000010001001000100110001110
0000111010111000110110110011101110001110101100111011100101001000
0011000100110010001011101001011000010101101000110000001100001010
1011001110010010110100110101010111011111000001001011101010011110
1101101000100110010011100110110011110110010001100101011011001111
1010111000110010011011000011010011001000001010001000010111110011
0101110110100110001100001100100110110101101011011110111011100011
1100000000000000101010011101001011111100111001100111110011010011
0011101111101010000100101100000011011001110101011100101111100010
0100110010001110010000100011010011011011110010001100111101110000
0000001000110111100111001110110000001001001111001100010111001111
1000110111001001100011111111101010100001100011100011101000000001
1011011001010101000110010110000011001000111110010100000100101100
0110111000110011101000000111110100010010100000001000000001101001
1001001011011101011100010010010111111000111100001010011011110001
0010111111100011110100011110000010101110000101001111011100101010
1101101010000110111110010111010010100101110000110100110001101110
1110011100001111010101000001110101000111100011000101010101111010
0111100001100111111111011000110000011100111110011011100110001110
1001101000100011010011110110111111011110111011001011101000101101
1000110101010111101100111011100001100001001101101010100010101110
0010010001010011111011100111010100100011100010100010110110101101
0001110101111011101101001100001000001101010010011011110001110100
1000011001100110011111000010000111100111001011010111100110111000
1010011000111101000101100010010110111100100110011011111101011110
1101001111001010101000101111011101110010000001111010001010100110
1100010101010100111101100000100110111000010111001111101011000100
0001010111010010100100010000111100101000000011111000000010100010
0111001100000111000000101110010100011101000100110000110010100000
0001011011110001100010001110111000011101011011101101010111000101
1100011111001101101111100110101100110011001010110011110110001101
1110100010101101010100001111100100000101000100110001011011001111
0000100011010010110010001110101011011011111010110101011001100101
0100011100110111111101010000010111001101101100001110000001001000
0000110011101011001010011000011000000100111011001111100101100101
1101100010000111101010001000100010111010011010101110011101110110
1001011101011011011111111000010000010101110000110001001100000101
1111100000100001111111010010000001110110100011101010011100111011
0001000001111011101000010010000010010101110001110000111101101101
1110110110011000100100101011001011001100101100000000110100100110
1011110101011011010100110000100100110011000111000000100000101001
1101100000101000000001011010111111010010011010100110010100101010
0001010100001111011100011001011110011100100101101011111001111110
1001000001101000101111010110101000100000001010110011001000101111
1010101101010100100011000000001000000011010000000101011000111001
1001011011100010101010100000101011111000001101110000001010010000
1110001010100100000100010000010001101010001000110111011111011000
0100100001000010111011000110110101110011101010000110000100000011
0111011110001001001001111110110000000010010001001001011001001100
0101111010011010000000100110001000010110110010111101110110010000
1010001110111001111000000110000011010100111011010100100110001110
0111110001010011000110100010010111111101100000000100100101001000
0110111110000101111111101101011110001000101011000010001110011111
1101101011110110011111110110010010110101101011101101010000111000
0001110110000111011101011011100001001101001100000110000110111011
1011010000001010100101001001110100101010100011110101001111000100
0000100111000110111110000010100010001101111000101000111011111110
1010110010110101101101100101110011000110111010111001001011011111
0111010101010110100101100010101001010101101110010110101101000001
0001100000101111110011011100101000110010010011111010111001010111
0100000110110001010001101110110010110010110011000101000001101101
0011111111101101110111001000010011000010101011100001011101101011
0101100101010101111000110100111110100100110010011001111101011100
0101111011001011101000110110011010011001000011110000010110111011
0001110111100010010110101000000111101100001101011100110011100111
0111100010110010001000110101010000100010000010001010010111010001
0011100010010100001010010100010000011011100101111001101011100010
0001011000100011111110010000010110011011100000000001011011110111
0010111000111101011000010101001111001000110000101100110100000011
1110000100101010111111101001001110100010001101011001000100100101
0010101111001000011111000001100100010101101010111101011111110001
0001000011011001011110111010000001011110110010000000101000100111
1101101011001100101100000010100011111100001010111011001011100010
0111001101000011010011010001100110111111000100010001110011101111
0011001011001000011111010000110000101010111101010011100100100001
1100001110010100010111100101100011110100110110101101001111110010
1010010111111101100111011000000011100001111100000001110110100100
0010111000101011101101110100000111011110001100010000010100110000
0001110111100110000110001011001000111001101001101011011111111001
0100100001111001000101001100100100000010111000100110011000011101
1000010100110100010011100110111101000101000111110000011111110111
0000010000001111100000111010111111110111001011110110010011111001
0111111010011010110111110101011001100011100010010110110011101000
0111111101100111111111011010000110000010010011110000111110001010
1110100111100110100000111010101000011001000110011101111011011111
0011100011001101001001010110011110010010010010000001000101101010
0100001101010001011000011010110101000101010110100101001101001110
1010011100101100101111110011011010101111001110000000000101010010
0001011100010111110111000100011101011001110000001100001011001111
1010100011011000000101010110001111100011000001001100001111100111
0001011100010110110101101000101010111010111101111100011100111000
1111110001111100001111100111001110101111010011011010001010011101
1011011001100011000011110101010111101011000000011000001011010000
1111110100001001001111010111001111110111101100000101100100111010
0100100111110000011001110011100010010000100101101000100101001101
1110110101010110001000001000100011011001010110101111111100001111
0000010100010011000000000000100110001101101111001010100110100101
1000001110001111101111000010110110000001101111100011011001100001
1111100100101110010111010101010110000011001000000111110101110000
1110110000111000101100111101110010001110111111011001010001000101
1000111101110001011101011100000001111011001010111111111101000111
0011010100011010001010000111100100000000110111111001111110000010
1011010101000110111101000101001110101001110110100011110111001111
0111001001100011101011000110111010011101001110100110100001101011
1101111100110010011100000110000001011000110000110100011101000011
0110001110110010111100011110000111010011010111100011010101111000
1101110111100010011010111011100010101001010011110110001000001101
1100100100011101100111011001001100001110010111111010001011000011
0001001001110011100000100010100101001101010010101110100000101100
0001101111101011000110001010000110000101010111110011010110101101
0011011011001100100001011010101000111001000100000111010101000101
1111011011011110111000010100001010110100111010110010010110111110
1111011101010000110011100011011100001000010111011111110010001001
1100001011110101011000001010011111100100010010110110111110001110
0110100001000010111111111000110001011010010010110110010100011010
0101110010010100001110111101001001111111011100000010101111010000
0110010110100110111010101001001010000000101000001001001000111100
1010101101000101011101111110110010110101110101001100001111101100
1101100010000101100011011011011110100111000110110010000000101001
0101101000111110001101110111011011010010111101110110111001111010
0110100101101001001010010000001000101011010111111111111010001011
1001101110110100000011011101001000001010010111100011100100010010
1110001111110110001010010000011001111111100010000110100001101001
1000001110001011010011100100111000000011101000111111100010101001
0100000010100011001010000101110101010100100011110001001111011001
0011111000110001100010101000111101101000001100001101100110111001
