0000101011001001011110111010010111100001110100011100110110111101
0000111100111101010001111001111000111111110101011001110010011010
0000000011110101010111100100010011000000011010100010011110100100
0000101100011111000101101100111011111111110101110111101100111110
0000000001110001101100000101101010010001100100001100110110011000
0000101000011000110010111001111010110001111011110101111000110110
0000000000011101011110110101011000101000011010011011101110110111
0000110110010110000000100101101100111011110001110001001011010010
0000001100101000110111110001000111000011001111011101000000011001
0000100100101101011101010010111001101000000110001001011001011110
0000100000101110111111001101000000100000101000000010000000110011
0000101101111101111101110001111111001100100111100100011011000011
0000101010010110100010001100001011110110100010011110110000111101
0000100111111101100010011010101001111110100001000101011001001010
0000101001000001101000010100110111110001001000100100000010111011
0000100100111110010110011100101100011011110010011111010000010110
0000001100000000100110101001000111000010010111100011100011000011
0000100001100100110001010111110010011110110111010111101101010011
0000001001101010001111000000000110100111110010110011000000100011
0000101011111011100101111100001100000011111001010111001101110010
0000011101100000101100100001010010110001000001100000011001011011
0000111001110011101001000000101011001111000110111001101001011101
0000010110001111110111000100011011010111010100011111100111000111
0000101001011010101101111101111111011100111100101000110000101110
0000010100010000001100010000000101010101000110000101011111110010
0000110110111110011111011101110101110111111011000101110001001111
0000101000000110100001001101111010000110000010101010100000000110
0000101111000010101011110110110100101010011001110111111110110100
0000001100011111001100010000010100001100011110010000111100011001
0000000110011011101100110111111011011001011101110101100100111011
0000010001011111111001110101010110100110011100000100010101010011
0000010110111100100011110100110111110011111011111111100101100110
0000000111010011100010000111101000110011101011100010101000110111
0000111111110011000011001110101010101100111101101111100101101010
0000110101011111010101100110010001100010111111110010110110111101
0000110101111101001010111110110000000010110101111100100101001010
0000001010011100110010100100101001110000110011101001111111110000
0000100101100000110001001001101000110111100111101100001110010001
0000011110111010000011001001001011100111001100010001111001110111
0000100001010110101000010001101110001111100010011001110111010110
0000011011100010101100100001011010101000011011000010011011110010
0000101100100010000100011110111001001010101111100010100101011011
0000001010100000001000110010100001010010100110010010011100011111
0000011000101110011110000001011111101110111011100111001111100100
0000101101101111001111011000000110111010000001001111110110100110
0000001110011110000110010111000011001101111111110010011101010100
0000110011111100011100000110000111010011101001100111001000101011
0000100000001011111100111111010111011110010110010110010100000000
0000100010011100111111101000010001011000111111111100001010100000
0000100001001001111000110010100001101010101110011000101100011101
0000010001111000101100110101001111000000110001000111100001111110
0000110100010000111011011111010001110110100000101111010100101011
0000101011011010011010101101011100000010001011100111101000110010
0000011110110000100101001000110001111010110011101100011100111101
0000000001111010000001100001000110101101100110000011101101101101
0000110011010100101010010001100011111110111000111110011001111000
0000010000000110111100010111111001011000010101000001111100111100
0000111110010111111100000110011111111010101000110110000010000110
0000100100000111001100100111011111001011001011001111110100100101
0000111101110010111011010100111101111011100011111110100111111110
0000000111101011100111011001001011010111100000000100001100111000
0000100100100000110101110000110100111001100110001111001100111000
0000000101110101110110000101000011100000000000110000101010111000
0000111001111111011101101101111101001110111100101111001100101100
0000000011100101111100010111110001000011000000001010100100010001
0000110010101101000111011111000011010110101100001011101011111010
0000101110011100100010110100000000011101011011101001000000110011
0000111101111100111110010101101000000110110010011001010110111100
0000011010001000101011111000101011001001000111111011101110001100
0000101111010011010111000101101110111010001001010111101101101100
0000001001101000100111100000011000101010011001011111000100001111
0000100001000100100110100100110110110001001110000101101110111011
0000010011011111110000001110100011011100100100000111110011000111
0000100110100010001111110001111100111010010000100010101000010100
0000010111000010111101000011000110000100001010101000001100000000
0000111011001000100110101111101000001111111010111001101100100011
0000101100001001000110111001011011101101111110000011100000100101
0000101101010101110100111111101000001100101101000001111100011011
0000010001111100110000010000111011000001001010101000010010010001
0000101100110100101101101101110111100001111011100111101111101101
0000011001110111100000110001011100110100111001110000110000110111
0000110101001111101110000110111010000011100000110111001101111011
0000000000101011001101011111000110000001101011000011000110110000
0000100110111100011111101111001001001011111011010100010110001110
0000000011010111110001011011001010010010101010001010101000101010
0000110011111111101111110001100000001100110110011010000010010110
0000011000010111100001101010010100010110010000111111001100001001
0000100100100001101100001110100010100100100101100100111111000111
0000110101100101010100001001100011010000101011101100000010101000
0000100011001110101110111010111000010111110010011000101100110101
0000111101000000001100001001110011000101101100001101101101110010
0000100110100011110111110001111111100110110001010101000111010100
0000000010111100111111000100100110100101001111101101101111100000
0000100010101110100111110110101001111001110100000000100111100101
0000000101100100101110001100101000110110111110000010100111000111
0000110000100011011110011010111110101011110010100010010010010111
0000010011100101100011011100011011111001001101010001000010011111
0000100010000101111001110110111111110110101110100111000001001010
0000000001000001000000101001100100100111010000100000000111110001
0000101000110111010110111011001001010000111111100110100110111111
0000001101110010110010010010100000000101000011010110011101101100
0000101110100111100101000110100110100111110000100100001101100010
0000000101000101011110011100100100011111010000100000110111010101
0000110100010011100011011010011100110011101100101100100010011001
0000010010010011111000001010110000011101111110000000010111110100
0000111001100111101100101000101011000111110101000111011010100100
0000010001101011100011111110101000101100010101111111101111111001
0000101110101100111000110101111000001101111111011101101000011101
0000011110111101101010100001011110100010010100100000111110100110
0000100101111000001001001101110110101001101000000101000111001110
0000111011000010010100011010101000000110001110001011101100000000
0000111101011001111110001000111100010101110111011100000001011000
0000101011110010101111010100011110000001001100000000100100011100
0000100101001000100110011001110101000000101011011101111101011100
0000100011111111100011000100001001111100001011010101110100000011
0000010110111000110111101010000000000111101110111111110101010000
0000011100010011111111110111100000000111001100110001011101000110
0000010010000100110001111101101010100101111001011001110011101101
0000000001101110110111100101001110100011000011101100001000101001
0000100001011000001011100100101101111110100011000101100100011001
0000011001100000111100111010011011111010001101000001111011101000
0000101101101000100100110111011111100110111111001101000100011001
0000101101100001101011100111011101110000000010000101010110110000
0000110011100101100010000100101001100000101110000001110100000110
0000011110011110001100110110111000000000000000001000100101000100
0000110011111000010111010101100000100100000000001001011111011001
0000000001000111111010100000110010100000111110001000110001001100
0000111011011000010110010010011001100100101001110000011101011011
0000110001100111100101001101010011001101000011000011110001010010
0000110011110110000010101111100100011110111000011111101110000010
0000101101011100001001011011011001101000001000010010101101110111
0000101010110011110000001111111000000111111110010011110000110010
0000011010000011110001011001111101011110101010110101000011011100
0000111000011111111111101111101000110100110000010110101010110001
0000000110000010100111100000001100100101001100101100110000110110
0000111001101111011010011000101110000100100010001110101110010010
0000000001011111101110000010100110100100000110001000110101111010
0000111001011000111011000100111100101111110011011011111001011100
0000101010111000110001011110100001100101111001011111000111101000
0000110101011100111100011001111110110101111110001010101101001110
0000000100010011110000000100111111100101100110010010010111011111
0000101100011011101011001111000111011111110001000010100010111111
0000100101100110101111100011000011110000010111100000000011110010
0000000011111011111010000101001110001001101010100010001101011111
0000010001000000100101111111010011001101010011010100011001101010
0000111100011111011010101111010101011111110001011011000000101011
0000000101100000101000110100010000011100010111011111010101011100
0000101001101111111101111110101111001111111100100001101101110101
0000000010101001100101000001011000000111000000111111111001110111
0000111111000110000010110110111111100010001000101000011001111000
0000011000000011000100000011010100001110010001000010110100010011
0000111000011000100000101000110001011001110110011111101010110010
0000001110011101110110010111101101010100100010001110010100010100
0000101101111000011110110011100110101101110101011111110001010001
0000001000010100010100000100111000110100000010111010000100110010
0000111010111010111101011101010110000111111110010001011111111011
0000000110000000001110011100100100000000000010100101101110100110
0000111111011100010101011101110101111110111100000100111001110110
0000101101100100101000111010110111001101000110110100111000010110
0000101111010010111111010100001000100110111101100010111101010100
0000110010001100101011011110011111111101010010011101101011111010
0000110100001111111010010011110001111111110010110110110000011011
0000011001111000111101111100010101101100010100100100110110000100
0000110000100101101001101111101100110011110000111001001001101000
0000110000100000100101001001010011010100011011000100001101000000
0000111101000101110000101101100101010001010011100101100000110011
0000011011100000101011101110001111100011000101011001000100011011
0000110001111110001100010011110011011000001100101001110001100111
0000110011001010100111001010000001010001110111001111111000000010
0000011011101011100001011010100000110101101111001000110001000100
0000110010100100100011100000010110100011001011101111110100101000
0000101110101111100111000011101011001101011010011000001110111101
0000001101000000101001110101010101110000000001010000001100100001
0000011001101011010110011011011100110001111010011011011000001011
0000011101010111001010000000010101010000100110111100010100010001
0000111001100110111000011100110011101111111010011111110110010111
0000000101101111111010010001010100100100010000011001011000000111
0000111110110010001101010010100110100011001100000101110010111100
0000100001110000000000000111111010000011000101101110111000100011
0000110111010110111111011100100110011110111111111000110111111111
0000001001010101110101101010000000001101011101101000001101001100
0000100100111111000000110101110001011100110111101111010110010101
0000100111010001010101100101011001000001000101001110010110011100
0000111000101111000001011101111101010010110101100100010011011101
0000110101010011101010000101000100010000100010101010100010010100
0000110000011001111000101111101110011101100000101111000010001101
0000010101000101101001001100101100011010110011110001100110001000
0000110001011001000010111100100010111101100110110111111110101011
0000010101100001100000101100101110000000011000100000111010001010
0000100010111111100010110011100000110111110111110001000110011010
0000010110100100111100000000010101000010001101011011001001100011
0000111110011110111110011001101000011101101110011101101100111001
0000001111101001010011100000110000100011011101111111100110000101
0000100111001001001011011100101011110011110010101101111111100001
0000011011100110111010001010110011001011001110001011110011001010
0000010101010011000111011001101101010010001110110110101101011011
0000011101100001101101101110110000010100101000011010110010011110
0000111001110111111000001000101010011110101001011010111011101100
0000010000100001010000110000001110111000011100010100101011000110
0000001010000001100011010100100000010011000000101011000110010100
0000111001111001001101000011100111001001010100110010111001110111
0000010100101000111000101110111101111011111110011000111011100110
0000010110111101011111001110101110011000000111000000101101110111
0000001111001101011111011110110010011001111110111000111010000000
0000001100000100100100100110000010100001100110011101100001110011
0000100011101110001110111000100010111100011100100001000100001011
0000000101001011111111110110111111011000011111000011010110000000
0000111011011000001111111001101101101111100001110111000100101111
0000010101000001010111100101000101000111000010110011110010011001
0000101001111011011011110110000001110000111110101001011101101010
0000011111111100010010111010110010010000110100011101111100110110
0000110101011010101011010010010111010011100011100000001011101001
0000100100110100010000100000000101000100011111001000101101101001
0000011111011110000011011101001001101101110111101110101101010111
0000101110100001101110010011111001000111000001000011001110110111
0000101111010111001000001011111111011100110011011000101101111101
0000011100000001111100000111100111010000010011100001110000010101
0000100101000111001011100111011111011111100101001001111011100110
0000010000000000100000101110101001001011001011100011110101101100
0000000000100010000101111001100111010111111010010001010011001011
0000101100010001101100111000101010110011011101001110100011001110
0000011000110010111010111011101010011010111001110000110011100010
0000000001000000110101100101010000100000000101001111110001010001
0000110110101001011111001001010011101011101011000000100100101100
0000011000101000100100010010001111100010011001010000010100100110
0000111111001101100100011011100100011011101110000110101110010110
0000111001000101110001010000111001000100011111000000110100010110
0000101101000101001100010010110110100101101111000001110110001100
0000110001010001101101110101101100000001001110101001101010100101
0000001101100101011101011110001001010100010000101100110010001010
0000001111101101110101001100001111101111011111000101100111001010
0000111110011000110010011000100001110011010100000111101010001011
0000101100011101001011101000011111100010001111111010111110011111
0000100001110000000110100000010010011011101111100010000110011101
0000110111011101010110011010110011111100000110000111100101011011
0000110001011100010101110010001101110011100011100000000111010001
0000011000000011111101011001110010010001111100001000010001010111
0000001010111001010111101110101100110010011001111100100001110111
0000000110011010100011010011110001100110110110011110100000011001
0000100000111010101110001111111100010101011111001110100011010100
0000110010010111100110010101001111000011000010111111010100010101
0000110101001000100101100101100111001000011111101111110011101010
0000101110001010100110011001001111010010101100111110101111111001
0000100101100101111010110101101111010000001011111011110000100011
0000001100011101001101000001110111001110010101001100001011000101
0000101010100111000100110001101000011100100111010001010010000010
0000011111100011001010110101100110011100101111000111100010011110
0000100010011110010001011010100101110010110101011000110011111100
0000000000010010010000011000010001011101001001111111100101101110
0000110101111101001111111010011010110111111011011101011101010000
0000010010000110011101000101000011110101010101101000101101100001
0000111110011001101000010101111110111110100001111100110001011011
0000001010010001111000110111000111100100011010000010101100110110
0000101110000001101111110101111110100111101110000000001110111000
0000011000100111110100010001010001110111000000110011110111010111
0000001011011010101111011111110100111000000110111101010001100101
