1001110011100101111110001010000100011001011010111111101000010110
1100110100010010010100110111100011111111001100110000101000101010
1101110010111111111110111011111010110111001000101001111100101001
1100010100010010000000000101110010000000011100011010110000001111
0110000010100111110011010111001101011010010010001100110100000000
1011110110011111110001010010101011011100110111011011101010000010
0101101010111000000001001101100100100111100101101111001110100100
0011001000101011010010011111111010001110111011010001101001000111
0110001000011111110001011110011000001001111101100110011110000101
0000000101111101100101000101110011111100000000101110000111000001
1110001001110011010010110000010100011110110111000000100100100110
1110110101000110100100110000100011001101100110101101010010111110
0000011011011110011110011000001101101111001101100111100100100100
1110100001000111001000000010010111110111001000111101100010000111
0000010010101011000000100000101010101001110001100011111110011010
1100001110001101101101010001101001101101111111001000001011010011
0110101011101100101011111000100100011110001111100010111101111000
0110111110111111101000110000100000110010000001010101101001010000
1001101101000111101011001011111001100011011111101000001011100100
0011011110100101011011001111110000000000010010101110110100010000
0001010010010110101010010110101100100001101101110101101011101100
0001100001110011000010110001111000111011110001010000000010011111
1101101101001011011001110011000111001101001100101010111110010000
1100111011011110101101110010011101100101101110011111000000011111
1011111110000101110000011011001111001001010011100010011001110011
0001011011000101111010000001111100010001101000000001101111010000
0001100010000111111001100110111000111010111011100001111100101101
0101111011100110001000110010111001110101010010001000010010111011
0110010000010100001101011100001101000010001000111011011110000100
0111111011101100000000110110011001011011111010100110110110000000
0010001011000010010111111110011101101010100000001001111010111001
1011011101101000110001001110101110111110110110011101011100110100
0100110110001011110000111101010110110110011001010001001010100011
0001011000101000100110001000001111111111110011011111110011100110
1111111011010110011010110110100001101011101111010011101010100110
1011101111001100100100001100111101100100010100000010110111000010
1000011100110101101111010100001100111000010111010111010100100100
0100010001001101111010101011111000010111110010000111000110011111
0110000101110011110100101011000010111101000100000000000111111000
0011111010010001001101011001101000100001110110001011100100111100
0011001100001010011111101111100110000111000100000000101111001101
1111000110001001100110111011000001110100110010100100111011010001
1011111100001111100001111110111000001010011100100010101110110100
1011111000001000100110100011000100000101111000010000100011110110
1101000101111100001111100100011000111011001000111010100010001000
1010001111110101111100100101111111111101100110011100001011010100
1000010000000111000101001000011001011110010101100101011111010110
1101110001011100110101101000100110000111010011111001000111111011
0100011100101010010001010000101110100110110011110111101100111101
0110000111010111100011101010011101000001010100110000110100000100
1101101001111001101010010001111110101000101010100101011111100101
0011110001011101001001101001000111111110000010110010001011001101
0101110101001000111000100000101011000010101101001010110100111000
0011011011100000010110111000001111000001101010000000010101101000
0110101000110110101000101000101110001000011100011100110100101110
1010000100100001011001011111110001011111001010010010001100001110
1011111000100011000110101011011110011101111101011001000000000101
1101001000011101001111010000000010000101011110110000110111010001
1001000100101011101001000100011001000110110000101111010010011110
0110001010001011110010011111110010011001111110000101010001100001
0000110011001001100110111010000010111100001110110010010011000111
0111101100011111110011001011101101111111000011100110110001111010
1011000010110010101110111001101110100110101001110000110001001100
0011110000010100011010111010000001101000110000101011001101111011
0001100011011011111011000011100011110010001011100000110000101111
1001010111011100100101101101000100110100100110011101101000100110
0011110001011000110010001101100110111111001000111101010001001111
1001110101001001110111011111000101000011010011010100101101100000
1000001100101100101100011000011110010000000001100000001001111011
1101011100010010011111100110111100011000011001110000000101000010
0110100110101010011111110010011110111010100110011010000111010111
1110001010101010010011101010110000011100010110110001111001010000
1011101101100011011000001000011011101111000010101001110111001011
0111011100110010100011101111000110000111110011111000100100010110
0000001011110101000111110101001101110010100001100100111111001100
1001101000100001010011110010100111100101000010011110010110011011
1000010011110010001100100111011001010001001111111010010101001100
1110000001011101100111011110111001001100110011001001100111010110
0011100100010010000001100111010101000110001000101001100001010100
0110010100001111101101101101001111001001011101100010101100100010
0111101001000001001101011001010000110101111010101001101000110000
0110000111101000010011100011010001110110000100110100111001011100
0000011101101001011101101011000011010111110100101101000010011001
0110001110110000000100101110000111000011010010111011110110001110
0111110011100010000011110110010000100111010011010010010010100010
1101011000001001000100110000000000001111110100101100010101001101
1100110101100100011000110001001110001000110011111111100101100110
1101111101000000001110100111101000110101000110111001010101111001
1001110101100010111001001100000100110001111111111111000111000011
0100010011101001111111100100110100011101001111110010101011010101
0101001110101101001011111000000100110101101011101101001100111011
1111000100101101011111101000110011100000100111110111100010110101
0011101110101010010001010110110100100100101011011000100011100111
0010111001001001010001101000111100000101000000111100100010100001
0000111011001010101100111101111000010001010000000000000010110011
1111101010100001010000001110100001010111001101110100110110011010
0000010011011000010101100000001000101001001101100000110101100111
0101001000001011100001000101110010110001000000111111001110110001
0100110011010100010011100111010000001101110101010011100101011101
0100110100101101011111100110000111101001010001001111001001011001
1011010101000101101000001110001000111011101011001011101101010011
0010000011110101110001101010011111010000010110110000001111000000
1101000011100010111111111101110000110110011101101001011101101111
0110011100010010001010101100100111101101110000110010101111001111
0100000100110010110000101001010110110001100010111010010001101100
0100001110110101001110101010110010000010000101010110011100001001
1101101010111101100000101011000010100001111111101101011110111111
0010101001110001100000000111011010001111110101011111100111001010
1101111011000111001110000100110110101011101000011010101010101110
0011011001101000010111011001000010110000001110110110111000010110
1001010101110111011001111100101111101001111010011011010010000111
0100010110000010110101101111101001111100011111001110111101111010
1110110010101001011011111101110001000011110010101110000110010011
1001010011101100111110011110111011000110111101010010011000010010
0100100011100010100100111111010011000111111010110101111110111101
1001110001001010010111110000110100101001111110101011101010000000
1110110010010110101000110101001010101101001001010000110011000100
0110111000101001100000110011101100011110011000101111001101101100
1100110111101101010101111001000110010001000101110001111110011001
0110100111001010010011011000010110010101110101001101101000011101
1111001100111111111100000010000100001011010010110100010010011000
0111011010101110001010100111111100110100001011001100000000011000
0000101010011010001010101100100110101001100000001010110001100111
1111011001000000011100110010000111011111010111000011000010010001
1000010100110010010000010100101000001111101111001010111010110100
0100111000101011001011011000010000100101000010111110001111100011
0010011011011010101110001000010111011011011011100100001011000110
1010100011010111010000011110101010111000000111111001100100001100
1100111111010111110000000010100101101010100100110000101011001110
0100010110001100001110100101111101001100011101011100000001010111
0011001101110101010011101100010010100101111111111000010110010001
1001100100100110100110101101111100000111010010011100001000101111
1111110001101000011000011100010111110111101001001100011110101011
0011100010101000011111110110101110111100001000010011000000000000
1010011010011011100100111010010111000111110110010011100101111111
1000010111000010001101101101010000010100110111100001111101111011
0111110000100101011110011010111000010001111100111001111011011011
1010100011011101101001111111010110011011100011001101100100101011
1101010100001101101010010000110101111111010101100110010100001111
0001011101110110000011110010001100111001101101101100110011100110
1011011011000110101011010100110100100101010010101000001100010100
0100100000001001111111101010011111001100100000111100000010010000
0101011001011011101001011001010111101000011100110010001010000000
1101100010101010100111001110010110101101110000011110110001000001
0011101100001001000100100000111010110110101000001000001100111100
0110100010001100000011000101001101011110100111001011011011010011
0100010111010011111110010011001010101111001101110110000100000101
1001110100001101110000000011011000110101011110010010010100001110
1011000010010010111001011001001110110101100000100000110000110010
1101011111111111001101011001000101100000011010011011010110111000
0101001100101011111111100111001110111011000101001100111011111011
1110111111100001100111110010110100111101111000110110100111111010
1101000000000101101000110101011111101000111100100001110101101101
0001001001111111110111111100100110000111001011110101111100011001
0001100010111100001000001010101110011010010100011100010111011111
1001010110100100111010111101010000110011100101001110000000100100
1101111100011101011110110100110100101001010010010100010100100100
0110010010011100101100101111111111001100100101100010101111010111
1001100010111010101011011101110101011000111000001101100010001011
0001011101010000000001001100000111101010001010101100110001001010
1100010101111111111101000111000010010000010001110000001011100111
1111101111111001000111001000000010011010100001100001010001001011
1111110111000010011100010001100010001101100100100111110110111100
0111110101010100101010111110011110110111101011100101010000010001
1101111110010001001101100111110010000110001101110101011111110110
1100100011000001100011110011001111110110110110111111001011111011
1100000000011110101000111101101010111001000100010001111111010111
0110000001001101010110010001010001100101101011000001100010111110
0110001100010011101100011110111001000000101011110001111000101011
1010000111010001000000010111100111110011000100001001010111000001
0001100001110010111110001000010010101011001110010101011100101100
0110111000010000010011101011000001101010001010101100100101110101
0011010001010000010110100010010100011101100110110001111000000100
0010011010001100111011010010001111100010000011111011011000010111
1101110001100111111111000101001110111110110100000000001111101011
1000011001000100000110000011001110100101011100011111110010010110
1101101011110010110011000111110111110001100101010010110000111110
0101011001110101000101111110100001010001011000010110111101100101
1100010100110100101110001001011001001010011000000111101100001111
1011010100001111101110001111011001001101101110001001101011111110
0101001011010110110000010100100110000111110010101000010000000111
0101000111011100000000111101000111010110001111100011001001010101
0001010100000110000011110011000110001111101100100000001111101100
1101110101000110100101101111111011010101001101110100001101001001
1111111011110001110101110100011001101010010111111000111000100100
0111111100100111010110011001111101110111111000101010100100010111
1110000010111111111011111010111100110110001111100000101110011011
1011010000010011111100111011000000000001010110001001000111010100
0010011011100000000010101001001110101110110100000001111101101111
1001110111101100011101111000101011110110011001111101100111001010
1011111110111100110110001100001000000110110010001010100011001000
1011011101010111110010010110001100110111110010110000111000101111
0001110001111100111011101001001101010010000101100110100101110110
0001011000110010010110110010011000001101001110010110011101111101
1000101110011100001111001110000110000000100110110011100010001001
0101101111001101010100010100111100010011101100010111110110000111
0011100010100100111011101011101100110000010111101001110000000101
0100101011000101001100000110011000011101110101101011111100101010
1110100110011000111100111110101101111110111010100111100000010000
0110111011000001001010010100100100001010111101001110001000101001
0010011001111001110010101110101010110000100100101001011001110000
1100000101110011100011001100011101011100111001000001010000011001
1000100100011100010100111010110010100001110100010100101010011110
1010011111110111100000100000111011100011111111011100100100011110
1001100001110010011000101111010100110101010100010010100011011110
1111001111110110101000000001010001100001110011000101111111110000
1100001110010011101101011001001100001010010001010111101001100001
1010101001101010100001001001100001011001111010111010001010001001
1101011011101010011010010100111010111011101010011000011111000010
1101111100101010010011110001101110010110001110011000000010011001
0000101000011110001100000001110101100010100011001110011010101110
0110011001011110001100010011101101111100010111111010000010000001
1101000100110110111010001101111011111011000110100100010010011010
1000101010101110100010101000000110110010010000011000111111001000
0110110001001010100001110001011100100011101011101000010001101011
0110111101100101100111010000100011111110001101100101101100010000
0100001111001001111011001000001110011011000100100110111100000101
0111101101000001100110101111111011010010001110010000011100100110
0010011011111100111010100100000000100101101000001100001000110011
0010001011000101111001100111010101110110000010110010001100010010
0000001100010110101111000011000001001010010101111010111101011101
1001101001011010011100011010001010001111110110010000000011100011
0111111010001011101011111010010110001011001111110101000000100111
0100110111110000100110101011010001100110001001011100001111000010
0011010011010111000001101010100001111001000010010000011001101000
0000110110110111111000100010111010111001101001001001011011100100
0000111000010110110010100011011110010000010101000100011100101101
1111000000010011000010000000011111001001111000010101000010111000
1101000101011110101101010110011010001001110110111000111111011100
1110001011111010101001011101001101101010010001111011000001010110
1100001100011010101101001001111100001001100110111000011110011001
1000001000010010010000100001000010100110000100010011111011011101
0100111110100110100111100011010110011000100111000010101000001100
1101000011011111101101111001011001101000011111101000111010011011
0001010101111101010111000001100001011011001001101110101010011000
0101101100010101000110010110001010101101010000011011101000110100
0001011110111000000111110101001001101001100001110000001010100011
0111000100010010111010111101001111110101001110000000001100101100
1101010010110011110011111000001011011110011011101010111001111010
0110101100100100001101101010100111010010011011000111111101001001
0010011001001101001011000011111111101111111100011100001001011110
1101110111100100100000000010011100110101110111001000010100100110
0011111111101110101001010011010101111011111100100011010001100101
1111100000000101100111110110101111001010010001000110110111100000
0000010010001011111010110110101001100110111011000100101001111111
0001101011001101110001010110000111111010011001101111111011110110
0011010000100011111001010110111001001111111111100001010011000000
1000101100111101110011111001001001011000111101001001011100010011
1000010110110101011101110101100010110101001011100010010001011010
1100000111101001101101101100111001101111011111110101100001001001
1001000001000100100100001000110000101011101010101001000110110101
1001001010011000101010101111100000010001000101111011001001110100
1100100011110100110101111100101010110000100110100011101001101001
1100111001111111110001000111010101000110000111101010010110000101
1111110000111111111001101000111100011000101001100000110101111001
1101011010110111011111000100001001000010101110010100010101111001
