0000110101100111111111001000110010000010001010011110100011000001
0000110010011101110001111110110101111101111100010001110001011110
0000010111111110110111000000000110011101000100101001001100011011
0000100101111100100110111111101100101010000001101110011000010111
0000000110000100001110010111010100001101000100001001001010000001
0000111110011011101001111100111111011001111011001101101110101011
0000001110001000010111111000000101010001010001110000101101111100
0000111100110010101001000010110111010100100011111011101100100101
0000001001110010011001011010000001001100010110101011001011010011
0000111101111010111101010101101110010101111101000010010110111001
0000011000011001001111010011000000001101001010101111010111001110
0000111001100100110001100101101111100011111101100010011100100100
0000001110011110101011110110010001111110001100011100001010111000
0000111111101111101000001111111010110110101000011110110100111110
0000000110011110000100011001001000111101001110111100000000101000
0000111001000001110000101100000101111111111101111111100110100110
0000010000101111010101000110101110000010100010000010010100100111
0000100101011101111010011110100101011110101111111110111001011011
0000001100010001000110100001101110100100010101001011100011010011
0000110100000001110011010000101001001010110101011010100110011010
0000000010100100010111101101011001111010110101110111111010000101
0000100110011111110010010110111000011110101010001001100011011110
0000001010000010001011101100000000100101010100010110011110000000
0000110110100010101001111000111011010011101100100010101001101101
0000010101001001010110110010101001001101000010101101111111101010
0000111011000111101000000010101001100011111111101110111001100110
0000010000011110000101001101000100001001001110100011101011100110
0000110000100110101100111100101000110110101000101110100100111111
0000001110000010011110111010001010001011010110101010000101111111
0000101101111000100000001110001100101111000011011101111000001110
0000100001111110010110101111010011001110110110000111010100101000
0000111011011011111111111001100110101010111001010001100101101110
0000110111100110100001101101001001011000100111100101111111100000
0000110001011101100111101010010110110001010111011010011100011110
0000010110000000011001000001011001111011010100110111000100101100
0000110110110001110010111110100100111111100011011110010110111011
0000010010000001010101100011011110101001111000110111011010100101
0000101001110100101001110010110001010111111001010010001101010101
0000001001101110010101011010000001111111110111001010110110000101
0000111001001100100100111000100100001110100100000100100111010101
0000010110000011011010111111001010000011001010001101101111101111
0000100111001000100101101000100111101110111100001011011101001110
0000101000001110001100010110000100101100000010111001000000110001
0000001111111000110011100001101110010000100111111110101011011101
0000000000010110000110101111010011000011110100100001001101010000
0000111001110111111001000110110110101111110001000011011000101010
0000110110010000011101011111101001000000000010011110010100100011
0000110100101111110101111001111010100000101000100010100101000001
0000001110101010001101011110000111110010011100010000010010110000
0000010101111000110001001001110111011011111000000100001101011110
0000000001110001110110111001101010101000111011111010100101000111
0000000100101010010011110101111111010110010110011111011111011010
0000001100000000001110100000000111010110100010001110000100100001
0000100110011010111111001100100100011011011001100101110010010010
0000010110010110101011110011011010101010001000101010110001100101
0000111011001100000001111110101111111010101000101101011001111000
0000010010001000010000000010011000000101011000101100000010101100
0000111100101001111101101010110010001111011100100010010000011000
0000110111000000011111011010010000100100101100111001010010000000
0000101001110101110011101101111010110100110111111001111111001110
0000001011100001111101010101011011000100110100100001000001111001
0000100100110000000011110110100011110001101111101110110010111111
0000001000010000001101110101001100100101000101101101000101100110
0000111000001110111011100011110111111001111100101110110101101111
0000110000010111011001010000010010100110010000000011010111011010
0000110000100010111110110110010010110000000000010010111111111101
0000110001101101110001000001101101100100111111010100111000110100
0000100011110010100101011111100101011011101111111110110000010110
0000010000011100001011111001001001111110010001000100110101000001
0000010101011110001111101010110001011101010100011001000001111100
0000000111001110011010100001001010111000011001011001011100010100
0000110111001011101011000011101101100100111110100001110001110101
0000110010111111111000101111010010011101000010111001000010000100
0000110100000011111101111011111111100110101000101100011000011010
0000001100101010001111100010111111100010010010010110011001011000
0000100100000010101101011000001010101010001100111101111110001101
0000010110000001110000010101010101011000011000111001001001100100
0000110001100110101010101011101000010110110001110100100000000101
0000110011001100010010111110010000011110000011101010000001010000
0000101000011001111111110111101100100011111011001011111101010011
0000010101100000000101010111111101010100011000000001001110100001
0000110111111110110111010010100100011000101000100010100001011111
0000111011110000110001010100011111010010010110100110001000010110
0000011110011011101111010010110111101011111000001101100110111000
0000101101011101101011000011110010001110010111110011010001110100
0000101110010111110000011101100000111011111111110011100000110011
0000011011011101000100001111011110011011010000110001011110011101
0000100001100010100100100000100001001101110110100100110001100100
0000000110001000001101101110011010010000101010000100111100000101
0000101111011011110010011011010111000001100011010000010010110010
0000000110001100111000100100100001100111100001010000111101010001
0000101011110111101101100000101110001101101101110010100111011100
0000100000010000011000110000011101000000001100101100000110100000
0000100111011101101110000100110100001110111100111000100001000101
0000100101000101011011000001011000000111010011110100011001011010
0000101000001001101111011100110010001110100011001101010110000011
0000011010100101000001000101001111001010011001111010010010000000
0000101110101111101011011010111001110010111110100100101111101110
0000000110100001001101001001000100000001010100100011000010101001
0000101011001010010110101100111111111111101110101111110110111101
0000100101100000101011001111101110110000011101111000101011001111
0000101000011101110010110101110101110111110100010011110110101110
0000101110010101001000000101001001100100001011010111110111111100
0000101101000000010100001110000110011110101001100111110100101100
0000010010001010010010111100000110110110101100000111000010001111
0000100001100110101001100000101111100100110100110011111111101100
0000001000111101110001010001100000001000000000011110001110010010
0000101111010101111011101010111010011111100001100100101100110001
0000100111111010111010100000001100111100010100110011111010001100
0000100001001110110111011111111101010111111101100101100010000001
0000111011000111001001001011010011000100001100000000111000010000
0000111011110110111101111111111110101000110000111110110110000000
0000001010000000000000110110000110100000000110001000010010001110
0000110010010100111111100010111101001110101111101110111111001010
0000101010010111011001110001001000110111010001100010010000110011
0000110011000010010000011000011111101010110011000110101010111110
0000101101001100011000010101101000001000111001101110111100000101
0000010011100000011000001110101100100001000001110100101000000110
0000010110100100000001000100000010110000101011011110010000100000
0000110000100010101001110101110110011110101100110001101011110100
0000001101100110101000010000001111101010110001100000000111111010
0000101000000001011110111100100000000010100011100000001001110000
0000011011100010001011000010100000110110001001000000001111000101
0000111111010000111111100011101111101000111011100100110111010101
0000000010000011110101100101010111110001011001111101111100101110
0000110101101111111011011000110111101100000100111011100111011001
0000011001011001011000010011100001111111011100100110010011010101
0000111110011000111111011011111011011000001001110001111100110001
0000000010100001000000001010010100000111001011111110110011110100
0000101111010111101011110110101000000111101010110111101011010111
0000000001111100000011011010011110011000101010001010000101000010
0000111111011011100001010011110111100111110010011111111111101001
0000000101100110111101101111010101011000001001111111010011100001
0000010100010111000011000001101100010111110110001100110000010101
0000000010101111000110100110001011010101000110101101000011110011
0000111101001111101011000000101010101110111001101010100011101110
0000000111000010001101110100100111011101100100011110000111001110
0000111011001110010100001010101101010110110101110111101000111010
0000000100100000110101001101101000100011000010000111110010001010
0000111000011101001111011001000101011011111100010000110000010000
0000001111110000101111110011101111010101010101100111100010000000
0000100011001001100111100011101111101111111011110001101010101111
0000001101100001000110000100010111000000011101100001001000101000
0000010111110100011010100111011001001001111011010100000101111101
0000001111000100010000000100010111010000001010101011111000011111
0000001010101011011111011010001001001101100011010011000100111101
0000100001011100100011000101000001000010100110001101100001101010
0000110001111101110001100001111001001111100100110110111001011010
0000101011110011000101110111100000010001110010000011010110000111
0000101101001111001100001010111101011110011110101111010101100010
0000001101000111100001100010001110100111001001100110101001000010
0000111100011010100001111100110001111111110110111111111110001001
0000001110101011010110000100001011100101010000000001100001011111
0000111110111001011010001010111100001011100000101001100111111111
0000111011001100101111000110000110010101100100011111010110101010
0000111110001111100010100001101110111010111111111111111100011111
0000001011101100001011010000101111011101001001001100100100101111
0000111100010000110101001000110011001110111010101011100100001101
0000001011011100001001100000011010001111011111100110000000010100
0000101011100000111001100110010110101101111000110001000001111010
0000000000101010101011101101000010011111000000001111100010000000
0000101111011011111010110110111110001111111011110011111110110111
0000000001001000010100110100010000100100010101101101000101000001
0000110000111001101011111000100111011011110011110100101111000100
0000000111011110000111000101011011001101011010110011001110111010
0000011111110000100111110100011000001010000001001000010101110001
0000010010111000011000010100000111011001011000010001010110110100
0000111110111110110001111011010100111000110011111100110110100010
0000000111001100010001000111000111010110010000010001110001010110
0000101011000010000101101000100101011110110010001111001110100000
0000101101101001101000000001100011001111100111011110001011000110
0000101101001100100000001011011000001000100100111100010100011011
0000000100010001001000010110000000100001001011100101011001100100
0000100110011011111100010001011110101011111111011100111011011101
0000100000000101010100010000011110101100011011101111110001101001
0000100100111110111011111101110101001110100011010101110110111101
0000110000011000010100101101010001000111101111111100011101101010
0000101100110101101011111111101100001010111100101111011010000110
0000100001101100011000101010010100001011010100100100010101100010
0000110110001110111101110010001110111101101111001101011100111011
0000000010001101001111010000000000110000001100100110011000001100
0000100010010011101100011000111001011101111001101111110111111000
0000111111000000111011001110110100010011100110100100110111010110
0000100000001011110110101101100101011010101011100100101110010111
0000001110001101111001010000000100110100101101001100000000011101
0000100001011111110111011111100001111111111110101101100100011110
0000000010000010011010100001100001111001001010100010000101111000
0000011110110111101000001001111011110101111011011100100100001011
0000000101010000101100100000001101000001110110111011001101100000
0000110011010011100110010011111110010110110110100000111101011011
0000000011101011000001110000010001010010010110010100011101000110
0000111110011011101010111110101000011110111010011111100001001100
0000010011100110001110111001001010110101111111011110101111110111
0000001000011110100101011111001001101001101110000101100011110101
0000011000010111001110100111100110100110111110011100110110010101
0000111000100001001101101010000011101110111000001111011001111000
0000011111011110100010100010101011001111100010100100110110001010
0000100111000110111010001011000010101000010111011010101000010101
0000010010111100010001101010111000011000011001000100010101011011
0000100000010101101000000100001100000010100011011111001011001110
0000001011000111001011001000001001010110010100110111111000000110
0000100000011110111101110100000110010100010110001100111101110100
0000011101111010101011001001100111100100110110101101011010100100
0000101111011101110111010000000111111000101000011010101000100001
0000011011010111000110000011110100000001001011011110011010101011
0000101110010110011101001110110001111000100111100101111111010001
0000000010001110101111101010100010001111001011001000101001000111
0000111110100010000100101100010110111100110100110010101001111000
0000010011010110010011110010010101011011000100110010100111110011
0000001101100100000011101011011110100001101001011011100111001010
0000000011010000011110011100101101001101010110010001010000011000
0000011101010010110101101011001011100110010001101101001000110011
0000011000100100101000000000110111010000010110100110010010000101
0000001001101101111111110101101110011011111001101001110111011001
0000010001001100000001000001101011100011100110010110001111100011
0000100000000010101111101011111010011111111100011101101111000011
0000000011011111110110000000100000000001000100010101110100010001
0000101111010111110110101110110001101111101111111011100110111000
0000001000100100001100000011011001100110000001100110010010001111
0000001011101110101101001100111100101111101010111011111001011111
0000100101100001011001100010101101111111101001101111001100110110
0000110001011111101011011001111100110001100110101011111101101111
0000010001101101100001100111010101110100000000001101100100000011
0000110010111001100111101000001111111011110101101010010010110001
0000010110100010001001111001100001000010001000110000100100110000
0000110110011011100110001111100011110100111100110011101110010010
0000101111101101000010000111010111000000010010010010100111011101
0000110111110101110111010011100111100001110111101010001110110110
0000001000100101001000101101001111100000001101001100000110000100
0000111001111010101001111011110001111100110100111011000001111000
0000000110100111101111001101111111001110011100101001000111001001
0000110101010111111011111001100010111011100000011011111101001000
0000010111001110011100101010111010111100111010101111101001000010
0000010011100011110110101110101001100100110110001110100100010101
0000111110011111110111001101110111010100101111000011101111001101
0000001110111000110001011100101111011101111101111010111011011100
0000101101100101010000011000010000001000011101010011011100111111
0000111000100100100000101000101100100101100101100100101101101100
0000010100001100000010000011100101011101000001010111010001001100
0000110110110111101110111000110110010100001001010110111011000110
0000100000010110000111001110100100000000100110100010001111110001
0000101110101111000111111111101101010100101101111011100001101100
0000001110111010110010011000010100000011100110000111001111001101
0000000011101010110001010000011011110010010100110001011111000011
0000101101011110010000011111010110111111011100011001010000001101
0000100010111000100101100100100000011111101011000010101001011110
0000001111110110111001100010010000110011001111000100101011101000
0000110110011000100100000100100101100001110001000111111111011000
0000010000000101011000011101111001011100010000111011011101011001
0000101001001010000101111110010111110010111011000000110011110110
0000011000100100001001101001010000000010011110001100010001100011
0000111100010001101100011101111010110101111100011111101011011000
0000011111010000001000111100101100001011000000100100110101010100
0000100111110111101111110111100011100011101011010000111111010111
0000101000011011000001001101010100010110110110111101110100010100
0000110001111101000111111101011110010110000111010101100100111101
