0000110111010111100100000000101100110111011110001100010001000100
0111010111111001011011001010101110111110110000010100101011110111
1110010101001111101001111001010111101110100010010100110110111001
1000110100010110010111110010100110010001001011100000100110000011
0000000110110110110111001010010111110000000111010101001100111101
0100100100101110101101110101010111101001001111100001110110010010
1100001000110110111100101111110100011110011100011000110111011001
1000101011001101111110100011110111101010111110110110110100101011
1001010010101110000100010011010011101100011100001011000101000011
0101010111101001111010001001101011011110101111101100010101100001
0010110101010111010010011101111001110010110100101011111001100011
0101011110100111101000101001010000011001111001100000001100110000
0011001100110100100010111001100100001100010011111110101000100111
1011001100011001111011100010101101111110110110100100101100000000
0011100010010110100010010001001001110001011110001101001010000100
0000111010001100001110110101100001001100110100001000110000000011
0000111100010111000000011111101011111101100110010111110010010111
1010100101110001100110011001111010010011000100100011110000001101
1110111111110000011011011010110010110001010111010011101100110011
1000000111001111111111001011111110111111000000110001111110111110
1111111000111101100101010101010011101111101100011010100001100011
0100001111001110000010110001001001001011111100100000101101101011
0110111101111000001000011010111110110100111111011001011000110100
0001111100100010100010111110111000011110011010000001011001100010
1010000001011010100001010001000101010101000010100001001011000110
1010010101001100101001111110100000001000101101010010100010110100
1110001010101110111000111010111001110101011000100101011110100100
0100100100011011000010011011111000110011110010101100110010111111
1011111010110001111010110111010101100110001100000011101011010010
1101110010011011110001000001111111101001010000100101110101110000
1000101110110011100001111011011010110101001100110011010100100110
1011110111010011110011000001111110000100011000100001010010011001
0111000000001000011111010111101100100101100110011001111010001001
0011011110101010101011000101100111010101011111010010001000111111
0000001001011101110000110011100001001011111100111101000011110111
1101111011011100101101011001010010100111100011000111010001100001
0001000000010001100000000001010000011111110000000101100100111100
0001101011011011000010101011011000111101011001011001001011011101
1000110011001001101100100110110111101100110110100101000011000000
0010101001000100111000110100001110111111111111001100100100101010
0000101001001010010001111010001111101011110001100101111101111010
0011000001001111110100001000000111101100001010010001010000001100
1001111000000100101101111110000111011100101101110000010001000010
1000011111101111000001101111000000000000100101011100000100000000
0101000001001111111001111001010111110101110010010101010001110010
1100011001001000000101111000111100101101110001011001110110001001
0011110011001001011001010110110101101000100010111011101000110001
0101101111101001100111110100110000110111110001011111010001010100
1101001011101000110001111101111100011101010110001011001010011000
0010100000110111010101101001000010010010110001010101011001011000
0010000110000010000001101000111110111001110110000011001111110000
0011001001100110110010101101101000010110001011000010110110000000
0100111100011110000010011110010010001000000010100001001001110001
1010011011101000001100111100111110001110010000010110000100110010
1100111010011110011011101101101111100011001010110111010001100100
0111101010101011011111101001100000101001101100010000011010010001
0101011110111100000001110000000000011011000111101000011100100100
1110100001010000110010001101010000010110100001010110001101101101
1101110111111010111100000111011111000101011010000111100011101111
0101001001111011000111100111001001111001000011110111100101001000
1100100000111010100111100010110000000011110001110000000100110010
1001111010001010111111100010100001100110010101101110000001101010
1001111111101111000110111111010011001010111101101000110100111000
0011101011001001100110011011100111101100101111110101010111010110
0110001100111010000110011001001001111110011000100000000000111100
1010010101011111100001001111111010111110110100100101101111000100
0111110011001111110000110111111011110110111010011000010111110011
1010111100011001000011000101010101110011111011110111110001000100
0001000111101100100101010101010100101000000111000101000000011011
0010011111000000000001000110101100011100001110011010110011010001
0100000100101110000000011011011010000000110011000010111101000000
0100000110011001011011101011011000110111110100000111010001101101
0100101110010111000010001100010111011111001000111010110010100000
0011111100011000101001000100110001001000111100101111110001000100
1100000100100101000101100111100101000011011000101101110101010000
1101100101101111111111010111010001001110111110000110001010001011
1100111011111111101001110101101101101011010100100100101011010011
0110100010110011100001010101000001001000101111100111101111010111
1000101101101110010011010111100111100110001101001101101110001011
1111011011010111101101111011011110011000111101110101111110010101
1001001011001010001010100011111111010010000100110000010101001010
0010110100110000000100100101001000010010111001011001001000111001
1011111100111111110111101101111000101011100110100101010101010101
0001000001001111100111100100000101010001001110011101001101111100
1100001110001000011011110110000001010101111011110101000100101110
0001000001100010000100111111011010111001011101101000110110001100
0111101101011000100001110111010111001101100010001001111010000100
1110001011011111010110110101011000010010010000101000111011101110
0100110000101111110000100111011010111101101110001010010101001100
0011010010101011001010101000110111000001001111010111100011100011
0000111010100100000111001100001001111100000010101011011100011100
0101010010011101000000111101100010011111111001001000110110000101
0100110100111001110011001010010110100000110010111101100000110011
0011101100111000110100100101010011001010101011011011111101110110
1111110001111100011000101000000001011001101100111110111111010010
1101010000101111100110011001001000101001111110011110100100010110
0100110101000000011100100011000110101110010100100001110111101111
1011010010110010001001011011100111001010010110000111100111000001
1111111101010000000110000110110100110100001100110110101100101101
0000000110100100100111111010011101111101011010110100111010011011
1010000101001001010011101110100011110100111101011100001001010110
0100111001010001110111000110001000101001010011100011010000001110
1011000110111100010101101100001001010001110000111010111010111000
0101100001101011110000010000010100111000000110010001000010010110
1001101111010010101010110001111011100011000001000111110100011101
0011010101001010101010000100100000000110100011101000111000101111
0100110100001011001100100011011110000111000111110100000001000011
0000100110100011101010011110011000111110101011111111111111001101
0010101101101010110110101111010000001010000000101111000011011101
1100101011111010111011101000111110011111110101101111010110000001
1101011100101001100000110110010000111111100110011010010100000111
1000111010011001100000000101111000011100111000100001111101101111
0101100000111111101000010000011000000111010101010000010100110001
0100000110011101101100000110011000110001101000100010011011100001
1001000001011110000000101101010100111101111110101000001101010010
1100101110001011010110110000000111010001001111111100111111111100
1110001111011101010010111000000011011101000110100001100110101101
0100110111010000100100110011110000111000101100011111010110100001
1111000000011100110100100100011001111001011001000111010000001101
1010001010101111111010100011011000011111010101101010100101111000
1100100111000101101000000001110010010010000001101110010000010000
1111100111101000011101001010001010011010110101010010001010111111
0011110101111010110011010110001000011101111110101100101010010111
0111110000010011111000000010111011010001110111011111000010011010
0000010101110001000110000111010101101000011000001011011000001100
0000001100100100110000000001100110100000101011100010011011100100
1100101100110000001101010011011100000010000100011111011010100000
0010001010001001111100000100111011111011011101010001000010001011
1100010100110000001000010110011111010000111010100110010100001011
1011001011110011100101001110110001000011100000111001101101110011
1001110010011010101110100101010110000010110001000101010101011010
1100001011011011000100111010101010000010100100110101011011101110
0000000000001110110000101010010111010001101000000101110011110010
0110100100101001000010111010111000011111001001100010110010100110
0101001010110110101100111010001101000001111100111110001010010101
0000010000010101101100101100011100011011011100000101100001011000
1010010001010101011111110110011001011010100111011110100011011111
0011101110101011000000001011010111011110111010111101010111001111
0100010110101010101001100111101001111100011010001001111101110101
1000010010001111001001101111000011111110001011110101111110100110
0001011110111100010000010011110101101110011111101101001110111000
0100100110100000100110101000000110111011001000110100000111010011
0010101001011000011000110101110100001000110111000001100011111110
0101011111010110101100110001110000110011101000111101110101100011
0000110100010110101010000011000011010001000010101101011001010001
0101111100011000010111001101101100001011010001000100000100100010
1011100110111110011010110100000111010010101010000001101111100000
0111011011110000000101100100100001001010100001110110000100100000
1011011110110100010001011110100001000111000011110011110011100000
1000110100110111110110000110110100000111010011011101100110101110
0000101000110110111010110111111000010101110110010100101100011111
0001001110011110111101000100110000000010101110111100111100110000
0001110101001100100101010110011011001111001011100110111011001000
0111011111011100110000011000100011011111110110010011111101111111
1011010101111111011110111110011010110110001101000000001101000001
1110001010011011001011010010110111100010001001011001100110110000
1000001110001010010101110100000000010010000110100011000000110001
1100101100100110110110100011100101111010010100100011110001010100
1000111001010001101011110010110001010101110110110010000000100011
0010111001011100101010001111111011100010011001110010110010100101
0100010001000010001010111100000010111111000100010110000000101110
0111101011110111001011001011101100111001001100100010111111100010
1011111001110011111101001000010010110010100010011110011101010111
1100010011000011010110100100110100011000000111101110110101011001
0000110001010001001100111101010000011111100001010101101100000111
0010110011110001110100111001011001101110001000101100010011111101
0011110000011100001111000110010111110000010001010101011111101100
0100000000110101101110000111001000001010010110111100110110010110
0001000011101010100001010000100011110111001001011111010101011011
1101010111110011000011101101110110100011110100101110100100000011
1010000111101111001101111001001010110111101010000000110100001100
1110010011011000101010010111001110100100010100110110101001101000
1001110000111100011101000101100011101001111001000010010101101001
1101011110001011100011000110101111110110001110010001101001110000
0101100110010100010111101110000011001110111101101100101101110101
1100001010111111110110100101001100010001110110011101000101010100
0111011101100011100011111011101101110011001100000111100011111000
0001111111110011000110100100100001000110111011101000100100000001
0100010111111110001100110101110100000110011011100001101100111101
0111001001111111110100101011111101110010011001011101110100100001
1010011010010100001000001011010110101101111110100001011100100110
1101011101010110100110011110010100001011001111011010001111101000
0110001000110101100111101110100100101110000001001001110100010011
0000011111111100111000011010001001010000111100000011001011000000
1101111011000110000010100101000101010100100100111100110011011111
0010011110011111100110000100010000100100100011001001100100000011
0011101100111101000011100100101110000110111001001010101001110110
1011111101110000101011101011000111100101100011100100010011111011
1011100111111101100001101010011001100010110111111111111101111110
1100011011001111110011100110000110001110111010000001110010000111
1001110011001010001100110010011111100111100100000101000101110100
0000011100000001100011001100001101011010111100111001110101100101
1011001100101111010111010010000110110110111101000000100101011011
0100111011000101111100110000010001101001011011010110101000110010
1111000011001011000101111100011110001111110111100000101010010011
1011100110001100010010001110100011111010111111101110010110100000
1000110100000001010001110001010001010010110011101100101101011011
1000110010001110111100101111100110111110101001111110011110100001
1010110011011011110001000010101100000011000011000010101001011000
1100110110001011000100011000110101101000001001111010010010100101
1001111110000011100110001010101111101110101100000011101100100000
1110100011100000111100011000110010000000000101011100101101000110
1111011001100100111001011100100110010001101000011111010000101110
0010101101011000011110001110000001001010111101101000111000101101
0110011100101111000011101001011100001111001101010110110010011001
0001110011010101110011001001110001011000110110100011101111110110
0001001000010100011111100110001000001101110101101011111000010000
1001111011011000011100100111010001000011000001110111011100011100
0010111001110001101010010000001101110001111010001000010101111000
0001000011111001011101011011010111001001101010100000100101001101
0000010100101111111000010101011001110100110010011111001101101000
1010110001100101011100111101010001000000110011010010101110100010
1101101000101111001001001011100101110110101011111101011100101101
0010100101111011111100001101001111010000010010011100110100010101
1000111100110110010101101000111101101010101101001010110011101010
0101011111000000111010010110101110111000001100101011000011101010
0110011000111110000001011010100011010000000110001000010101010101
0010011101111101010101001011011010110110011101101001001101110011
0011100010100110000001101001111100001111011101000000010000110011
0101010010011100110100101110001110010110011001010001111001001011
0000110101011001100000011010011011100110110000010000101000110101
1011111000000010011001110111110111101100000110101000011011100101
0001010100010011110100101110010111011100001000010111110011101111
0011001110010101101111101111001111001010000011001010100010111100
1101011110101001010100100000000010101001010101000100110011000001
1010011001000101101101011110111111100011110110011011100101101100
0000101011110101011011000010011100011111110101111010000101101101
1011000101111011100110111100001101110010001101000001101001100101
1011111011001010010101000100111100111000110111010001001000111101
0110001000000100110010010110111100010111010001010101100110001110
0000110000110111101110001001000110010111000100110110011000011110
0101010011110110110111111000011000100100010011011101001010001111
0001110000101111011111100001001101010101110011001010100010010000
1111010001100001101111101111001000101100100001110111100111100001
1100001110100111100111010000101110001110100000110001011001101100
0110001010001010100010000010010110000100000101000100101000100010
0100010101010100000001101110100000111010110011001100010111001100
0010000001000010001010100001011101111100001001011001011010000111
1100110111111110000100000011110001001000010011111010010100010000
0000011100101011100100011011101101001001110111110010010100000111
0001110011110011111011111000110001011111000010100111010000011111
1011001100001011110101001101101111111011000110110110010110001111
0111100111011111010100100111001000110101010101001010001111010100
1100011101111101101011110001111100111010000110101010100011001101
0110111011101000010000001100100010001000110001101000001111111010
1101010110100000011001100100011100001110111001110000010000110101
0010001011111110001100110000011011011011000000011000111110101100
0010101000011000010000110001000111110111101100101001000011010111
0001001110011011100110111000110100100001000001111001100100110110
0110111101100010011101111100010000011101011000101010010001010110
0101100111100001011111011110111111010111001010001001101011000111
1110111010111000100100011101110111000010000011111011000010101100
0110001010101111001111100110101111111010100000010011100001000111
1010101001011110011101100111111110111101001101111000010110010011
0111001111110100011011011011110110101010001000101101110111101010
1110110001100100011110100000110111011110110010110000101101101110
