1100101010010001101000110101100101010001100000101010111101000110
1111010000000010011110101010110000000000010111001010100000111100
1111000101101000000000000101010111000111011101001110111100000001
0110101010110100010010111011100001111011110101111011101000010110
0111100010000001111100101100010011110000000100111110100100100111
0011001000100101001111101000001101001100000010100111011111010001
0010110011010111101000110101101001011010110011101011011010101000
0000111011001000000000001010101000001000010110001101111111101101
0100000101000010001100100100000000110110001111101111110100110111
0011100101011010110001011000101101001000000010010000100101111001
0110001100100111000000000001110100101111000101000101110100111101
0001000111001001011001011000100001010001111010011100101100101101
0100001110011010001110001011101000011010011010001111011110110010
0011111111110010110001000010000010110110001110110000100100110000
1011011011100000101101011100001001111110110010111100110000101111
0110000001110001010000111111110000000111100011010011110001010110
0010111111101101011011010111011001000100001010110100001010001000
0001001000111111011111100101101110101001100001000101001111000100
1010000101001010111000011010001011000011010011000101111111110100
1010110001111010111111011101000100010100001101010110011010110001
0010000100101000010011100111110011001000110111011111100100100101
0111010010101010010000000011011000111010101111011100001010011001
1101100000101101010001000111010000100001000011111001001101111100
1111011100100110111100001001111100000011001010000001110100110000
0100011111110101110110000001110010101001000011011100110010001100
0000001001011111010011011010101001001001011001010010111000000011
0010101110011010100010010111011101101000010000110111110010110100
0110111000000000110000101111010100010110010001111001111011111100
1101111010110010001111000000110000111111000011100000011001100101
1001001111010011110111101001100001010010000101101110110000001111
0110100000100001101101101110110000100010100010110001010101010111
0010101000111000100001101011101110111101001111001011011001000000
1000001011010000110101100001110001100000111111010111100110001001
0101010101011001011101101001001110000111101100101110101001100010
0000101100101100010111101111110110000010100010101011110000110001
1101011111001111100001000011001001101110101111011000010001110111
0000000100000011010101110011011001001001100111111100010111011001
0000000111111100100000100001101110101010101100011100011101101011
1001011001110000000000011111000111000111001000111101110011100111
0001101011110111110010000101100000000100011010100011000111001001
1101000010001110000111110110111101010110001000110100010100000111
1011001011100111001101111101101010000100101010001010011000100001
1110010011111100011101101001111001100001001001010101001000111110
0010011111101011101010110100111110001011100100111010111110100000
0010110001010110010100000100011001001101001101110010111100000100
0110010000000111001100000010100100011110000001100110001100011000
0111001001011100100011010010110011110111101011111001110100010110
0111011100010101000111011000010000001110011111001110111100010000
0001000100100100011110001001111000011110010011010100010010011100
0000101001100001010110101010010001001010111000010000111101101011
0100110100011101111010001010010001101101001001110001011101110001
0001101110011010100110100101011111010011111011010011111101000101
1100001110101111011110010111101101111101110011110110010000010101
0101000111001110100100111001101011110000111001011011000011000001
0111011011000100100100011011000001001100110010101011000100011011
0010110100000010111111100110000011101011110100010011111010110110
1001001011111000110000010000011101101111111010110000011000000101
1000111100111000110110011000110000011010100100001100111011011110
1110111011001100111010001111111111111111000100000101010101100001
1101110110000110100001010010111010101101010111001011100100110100
1100001010100011001111000100110101011011111000011111010110001110
0001011011111101011110010001000000101011001111111000111111101010
0001110000101010001011100011110000011100101011000100110101111001
1010110111101110010101101011001101110011001001100011100011011010
0000001101011011001111100000111100101000000000100010011001111010
0101110110011011001000111101000001010100100100100000001000100001
0010010110100101011110000111101111101111010001100111100100100111
0100101111111001101001100010010101000010010111001011011001010101
0011100100101001010010000010111000111101010001010001001010011011
0101011000001111100001101011000000110100110011100110000101000100
1111000111111111010000011011111000011000010101110001011111010110
1000010001100000011011100011000101000010010110101110110001111100
0111111011111010001011110111001001111011001011000101111101110010
1011010111001110100111001010011000111111000011100001101110001111
0010010001110101010111001101110100001110111001010001001110110101
0010011010010011111011001010100111011000111001010010000001000010
0111001001110101110100001011101100111110001110011000010001101001
0110110001011011001010100101100111110100110100010011001000101001
0101001000000001110000000111110101000011010000000100011101011110
1111010101101001001000011010111100111101100100011110111001110011
1000111111101111010010111111001111001011001011100000101100010001
0010100011010010001101100011111110000111000001101100000110011100
0001111110101010011011101000100000101110110101111101000101110011
0100000111001001101111000011111101000000001000010000011101010110
1001101010110011010100000100100101000110001010110111001111011110
1000101111000110000010101110000100111011101100011101110010001100
0000010101100001111111000000111000100000110000011100000011010001
1101011001100010110111000100011111110010111101101110001111010010
0100000100110101011011010110001110111001100000111011001111010011
0100001001010100011011110100111101101110011111100110111011110110
1010111011100011010010100101100001010100101101000110110100100101
0010001101101010001100100011100100010000110001100011111101101100
1100110011011100001110010100110000011011010111110100010101110011
1110100010110010000110010101011110111001110110110101111011110010
0100011111000111000100110100010111001010111100001011100100100110
1100010111010101101000101101001100111111110100100000001111011110
0111101111111000111100110110110011101111011101111011110011100111
0111011000000100000110110101001001010000010111011101011010010100
1011001011101110010010101110110111111101001001101111101111110001
1000100101110100111100100110010010010000011110100000111111011010
1010001100101101011000011111011010010100010000010100100111011110
1001010000001101001010101000111000000010010110001011101001110000
0101110111010001000000111011100011111011001011011100010011001110
1111101111101111110110001000111011101110010010010110000011010000
1101010011010100001001000000101111011101000011000110010101000011
0010010010110010010001111100011110111101111001001101001101010110
1100000000011000110011000110000111011010101100000011001101000111
0010100000000011101111001011111101101010111001100010110010000010
1010110010100000101010111110101100001010101111010010100010101000
1101100001111111101010110010100011001111110110110110101011010110
0100100000110011110101010111011100001111011000010100001100001101
1111010111001011010101100010100101110000010101110000111011110101
0010101010010001010110111100011111011110011000000100010101011111
1001011011001111001100011011001101100011011011001101111010100001
1000010110011010100011001101010011011001001000111001011110001110
0010001010111100101010010010011010010111110110101000100111110100
0111101111001100100100100100101111011110000110011100000100110101
1011000001100111110011101000100011110001101101000100001110001100
0111010100101001111100111100000001111110101010100011011101010111
0111000010101010111010100001001111000001011011011000000010110010
1101011011010010000100100001100111001100010100110101110001101011
1001101101000001111100100110000110000110101101111000001011111111
0011011100111111100111100010111100100101001011000111011101110101
1110101010100000001100100011100100000000111001111110011111011110
0011100111100011101000010000110110011000010100100110011010010000
1100100101111010111111100011101100101010010011101000011010101110
0000111010111100101110101100111001010011110010101110011110111010
0010011011000010101000110100010111001001001101100101011100100010
0110110001111100100100101010001110010110100101100000000111111001
1100111110100110101001000111000111101000011111001010110100110000
1110111000101110010111101110101101011101000001100001101011010111
1011111100001101101100010101100100101111011100001010101101111001
1000010111001100101100101000101100010101010000001101111110100001
1010000111001100011101001011001101111010100111110010010011110011
0110010010111001000110100011011100111111100101011100000110001011
0001011101001100110011100010101001100000001111110011101111010001
1100101010100101011100010111010011111000010101111101100100000010
0101000000011100111101110100010110011100111101010001100011101101
0101000000100011101010101000010011010101100001001011111101110101
0100001110001010011110100000000010111011101010110111101111001011
1011000100111000111100100101011011010100111111000000111010010100
0011000100100101011011010000011000110001100011011000100011111001
1100001111111100110000100110101010000101010000100100101111101101
1101100001100111001011111111011010010011001100001010000010011100
0011000111111000100010000010011011100000011000011101011110110110
1011110100000110110111100001110100010011110101000001101110110010
0011101010001110101001000110000001011101011110000100100111110110
1001010110100001100011110001011110100011110010101110101111001001
1100110011110001100111001000010010101010010110000000101001100100
0010100000011111000010100010110010000001101011101111000110110111
0110000001000011101111110011110111011011011011100010010010110111
0110111101100110110010010101101101101111001011100011010100101100
1101100110100010101010011011110001001000011001000101100101111010
0011110011100001000111100101111100111011011111011001000100010101
1111110111010100011100100111100111000111000110100011111101101110
0111000110010001011111101110110001011110111011000101001111100110
1100111011110000011101001010011001001011010000110000001001111111
1001100001110110000110101000001111100001110101111101111101111011
0001110110110000011011110000100110010000000011100101101000001100
0001010101100111011001110110000101001010100000101110011111100101
0010111100101001011010011001011111011110001001000101011000100101
1000100101100001011001111101111110100101000100010100000001000110
1011111100000000001111001101101110100110010000111111001111001100
1010111110110100010100010000100010000110110011101111001010110010
1100100011001101110111001110101100010100100111000010111001110111
1001000010000011011100010111111001110000101101101011100001000011
1110110111111001001001010110001111101011110101010100100100010110
1100101010111100010100101100101000001110100010000100111000100100
1010101111101010101110101111100010010010010001001100011111110011
0001100011100100001101110100000001011111111000010001101010101111
0001101111000101110001101101000111101100011111100111100010011000
0010011100100100001011000010100101100110101111101110100010000010
0111011101001111000110011100111010100110100000010000001010110100
0111000011011100010100101011011111000010101011001000001110110101
1011101111101101111111011100101101111011001010000111011110110011
1011011100111100110101010111010011111010111010100111011000101110
1010000001001100101000010010110010101111101010011001011001100110
1011110010110110011101100000100011000101100010001100101001100001
0110111101100111011010010100110011000101010110101001110100001000
1111010001011011011000010001000110001100101110101011101100100011
0000011100011101001000111100000100001001101101110111101110111100
0011101001110110001100001011001000100011111001101111011010011110
0001010001100110101111001011110101110001111010010000100101110110
0100011101000001100111001000000011110011001000001010001101001001
1111110001110100001010000111101001000100101010110000000010100011
1001001110010111101010001000000000011100101010011110000001001011
0011100011101111111110101100001100010000110001101100000111011010
1010000010001110111101111110010010000011001111000001011011001000
0111011100110101011111001111000010000010010001111000100000000110
0000101111100010001001101101000000100111100111000000001100110001
0111000100011010110100110100011001001000000101111000001011111001
1111011011100110100001101111100101000101001111000110010101011010
0111110111000110010011010100100000110010101100010010111111011101
0010100110101110100011000001001100110010100000000011110010000110
1111101101111110101110110010110000011000100001010111111101001101
1000110000100011110000000111110001010000001111000110011011110010
0001010110110010101001111001001001110111010001010101011111011010
1010001011000110111011011000111100111111011101101111110010110111
0011001100110010101111000001001100010111010100000001011101001111
0001100000111010001001110111101010011110011101001100001100001110
1010000000101001001010001111101000010010010001110000110111010110
1011111000000010000101000011001011001100011001100100111010111110
1110001001111000001011110111110010011000101000110001110001000111
0001101110100100100111000111001010001111011100010111100000101011
0101111011111010100010010001110111000101011011100011010001101100
0110010000111101010100110101100011101101000111100111001100011000
0011110001101100001001000000101001110101001001010001101111011011
1001001111111111110011000011010110000100110110011111010001100110
0100001100000101011010011010010101010111101011000111001111010100
1000100100011011000100011110110010111100001100001000101001110010
1101101110010110010110111100000011101001001001000001010101000011
1111001011100110000011100111100011101111110001000011011010011000
0100001001101001110111001111100101000110001001001110010010110110
1000000111001000001011100001001001100111110111000001001000111100
0001000101010111101000001100100001001011011111110000110100011011
1000000011001001110000101011100110111100111000110001100100011100
0001001100110010010101001111010010100101111001010111101100000001
1010100111101011101100010010010110000010001110010110110111100100
0001000100010101110111010111111110111000100011010101111100100101
1011110110110010010001011110011011000110110000001001100101101001
1000110110011110111011000000011100100010101000100011110001000011
0001000100000111111000001011001100010000100111110000001010100110
1000110011011100101001011010011110011001111011000000100001000110
0111101101111000000101101101011100101011100101000011100111100011
0111011010011010110000000101110001111010001110011110100101011111
1101011010110101111001001111011000010101011110110111000011111010
0100010100101001010001110110001101000110101101101000101100111000
1010000111001100111111111100011110000001001100010110110010110011
1001100001001001011111111100101011100001100011010010001100000011
1001010001101101111111010111011101100011101101100111111100100101
0101011111000010110000010010000100010100111100011101010010100100
1011001111000111110010100010110101000111100111101100000101000000
0101101010100110001110110100101000010010100111100001100111110110
0010010101010100101000000110001100100001101111000000100101010101
0101100010100000110110111110010111000101101000011001101100001111
1010101010110101000100001110110111111001000010011000101111011100
1011111011101010011111001101111001110001001111010110011111000001
1010001011001111110110101101100011011100101110001110000101110000
1111010010001011010100100111001000100010110000100001010001001000
1010010001101101001011001011110100100010010000100000001010011000
0101001100011010100100100101100101100001111010010010011000010001
0001001111110110000110110010001000000101111011011111000010001110
0011011110000000011001011101110010001000000000100100101110001110
1111111111011101010110110001000111000101001010011010011110100100
1111100011110101110010100000111000011001011111110001000010000000
0100100001110000010101001010100101111000000000110100110000010010
1000101000001110000100010101100100111000101010101101000100100100
1110110111111111011010101011100001111001001110011001001111111100
1101110100000000011111011011100010011111000010111101100001100110
1010011101000110010110101111110101000101111100010011100011001001
0111100110111110001110011000101011000010101110001110110101100100
0100111001011100010000000101111010011101010100011110111110001001
1000000010111011101010101100001011000111100010010011010000111101
0010111110001111011001111010100000001100100001111100010000001100
1110000100101100110101011101011001110100101000010011011111100101
0000110100001000111110101000011011000000001000010011111000111000
