0111100100111101101000100010100111110110110100101101100011010001
0000101000001110010111001110000110111111001101110011011001010001
0010100100011011011001101000001110010001001111001010000011000001
0011010111010111011000100100110011010010101100100111000011010010
1001101100100101011111100010000000100010111011100001010001110101
1000010110101010101010011011110011111011001010100101010001110011
1111101100011110010110101100010010101100111111110101011001110001
0011100011001001101011110010011110000111000101001001010100111000
1110001001010000111100110100011101111000101000110101101101100110
0011100001100010111001010011100011011010000001111000000001001101
0100100101101111110001010011111000010100110001001100010110010110
0000100001001111001111101110001100101100001011100101010100110011
0001010000001000111000000010101111001101110101011000001011110110
0111010010000000011111100101111001101011111101011011010010100111
1110101101010000100101000110010001100000111001110000010101100111
1110111010111110101101001100111000101000011001000011010110111111
1100100011100111001110111000011101010110010001110110011001001110
0010011001001111101001111011001111011000101100000111110010110101
0010100111111011010110000110010000010001001111001000010101010100
0001100110111100001100101010110000001111111001001010000100101111
1000000010011101111111111111111100110110111001100111011111011110
1101010010111010110001000011000111111100011011110101110000000101
0001011001001001110100100111101101111110100100110100110010011001
1111100010110110001101100110001111100000010110110111000111001100
1000100010100000011001100110110111111010000010000001100110011010
1010110010111111001000100101010110101001111101010011011101111100
0000111001010001110000111100000001100111011111010001001010101011
1111101010011000010001101011101100001010011110110000111000011000
1100101101010110000011100101000100010111010000011011101000000010
0101000101001000010001010000100110000010001100000001010100001100
1110110110110010111001101011101011101011000011110000111111100101
0011100000000010100011110101000100010111101001110001010110101111
0100000110101000100101000101111000100101111101111101100101000011
0111001011111011000111011010011000100010110100100100100100111111
1000110010110110011101100001011110011110011000001000100001010001
0110101010100101101101001001111010111101010011001010011111111010
1000100010111110101101101010110101001100101010000101111000110110
1001011110011110000101100100100000101110000101101010111011000100
0011011100010010010000110010001011010101001011111000100010001110
0111001110011111111011101110011010001001011010001001011110110010
0011110011111011101100101110001011100010101101011011010100011001
1000001000111011100011101001001000100110110001000101011011101110
0100101001001000100001100110111111001100010010100110110011101000
1000000001110011100111110100011110010011001000000100101110100000
0001001111110000001110000100000110011010100111010101100011001011
0111100000111011111101010110010110001110010001010011010010101101
0010100011100001000110100000000011111100000011010111001100111000
1010000010101000100110111001011111011111110010101101011011011010
1110101000100011000000000011001011100000101110111100100001001100
1111101010110100001100011011010110100011011110010111010001111111
0000010101011101010001111111100110110011110110100100110100100111
1010000111010001000001110000110010111001110011101010000101100000
0111100011100111001100011000101000001111011000110100100100100000
0100011111011100000111011000000100010110111101100100110111111100
0100010110100001011100000001101101001010001000111011100101100001
1000011011100011111010010100100110111001000011010101110011001110
0001011000100000111000001001000001110001101010111000101000111111
1011100011110001100100101001001000111001001000100100101101111000
1111111111101100000001011010010100111011100110100010100001101010
1110111100111000011100101001001011001111011100100110100101000110
0001010101101001110111110111100111101000111110111011110101100001
0001100100111010111110001000011010001000110000001001110111101001
1011010000101101001101000001010000001101010011110011011011101101
0000101001011110110000110010010000011000011000100010010100110000
1110111101100001000000111110010000110101100011101110110100001110
0111000011001010010001010101101101111000100010101110000100100011
1110001100111011010101000011001000100000000100011000100000011001
1101101110010001111100011011001111001111110111100010011010100111
1101000010011100011010010001010000010110011110100101011011101000
0000111001101011100100101011101001111010001011100101111111000000
0001011010001001011111010010000110110100010110101000010101000000
1101110111001110001011000011001100111100100110101000001011100111
1010100101100111001110100100000011101111100101100000001010101001
1101110011100010110111111010100001101010000101000100101011010100
0100001011011001100110010101100110111010000110010001011110110111
1101001110010111100001110100011000100101110010111011101100101110
0000100110011100100011110010001111101011100001111110000111001010
0110101000101001010001100101100010011001100001101010111001101010
1110110101110000110001111011101100111110000100010101101110010101
0111101111111001001100111010010111100010010000101000010010000001
1010011101111110000100110110110001101010010010110001010100110000
1010100101011110000001010100111111011001000010000000010100110001
0100010011001001110111001101100101100101010110011111111000011100
1010101001111010001110100001011000010000010101101100100100011110
0110010101111000010011111111111010010100110000001110110100111111
1110011101101000100101101010111101000101110010110011001101001010
1011010000010100011101100001011110101110111101000000101010110110
1111110101000111110110100000111010000100011111001110101100100000
1100111000011000100010101111111001000000101000001000010101011101
0010001001100111101000101000011001001100110101011111000100010101
0101111101101100001100111111010010101011110000101000101111101111
0000010010100110010100000010010101010001110110000100010010111100
0100111100100000100001110011011011011001110001001010110101100101
0011100101000110111110011110110100101001101110010001010011110111
1011100100010000101010111101000010001100000011000111111110001101
0011010100001011011100111000101010111010100110000000001101111000
0110000011110000100010110110010101110101111110101011111101000010
1011010000101100110100101110001000010110011010001111010001001001
1011010100111010011001100000101110010000110110000001110111111101
0011010100001101010110101101001110111011111101001101010011010101
1000011001101011110100101110111000110001011101001100100011111111
1010110010011001001010010000000001110010011010100100011001111101
0101000011111100101111110101010100110101101101001011101101010110
0000101110100000011011011001000100110100001010111101010101100001
1101001100110001010110111100111100010111110100011111000111001010
0000011110001111010110101111001110110010011010001010010101001001
0011110110100101110111110001110001110001000101100010111111000010
0100100101011100001001001011110111010111101001011110010100010100
0110111110011100100100100011111101010001101110000100010100110111
0100100011101001000011100110000110001100101001011111110101110011
1111100110110111011011001001011001110011011110111001101100100011
1101100011111001110010111001101000111111011110110111010101100101
0101001110100000100111011100101100100111010000000001000101000001
1110011010001001110000000011100000111101100000110011000111011010
1010011000010010110100001111001111101001000011001110000010011100
1001101111101001011101011100110000101111001010010011010110011110
1100010000100010000010101000111001011011100100110000100111110110
1011111000111010111101011001011101011110100001010010011010100111
0010110010011111111011011100011000000110100000010011111010111000
1001111110010100100011111010000101111010100001000101010001000010
1110111000000011010001100110100101111011001010111010011111111011
0011010101111110100110001010001010001000001011110110111101101000
1101010011101010100111111110000101101100011100010011000111000001
1111110100000001000110011100000111010011100100100110000101110011
0010001001010101110110011101000011111011011010010001000101010101
0101101110110100100110010011000010110010010011011001000101010011
0110101101100001000111010111000001001011010100011010000000101101
0000100101111000111011101010111111000101111001101100101111000110
1100010100110110110001100111100101010111000011100000100111100011
0000101111111000000110011010000110010101100101100110110001011011
1010000000110111011000101100110100000101101001110010011010111011
1001111011001101111110111111011101001001110101101001101011000110
1011010000010000000110100111101000100101100111011100010100111010
1010010110000100101010010010001110100100101000101111010100000000
1001000010000111101001111000110011111101010011011110010100010010
0101110101111110111000100110000010100011000100101000100011011111
1001110000010000111000010111110110101010000101111001100000010011
0011101011010011101000111010100111000111000111011111010111110000
0011110100011100110111001111111001101000110001000110001010101011
0011001011011010100000001101110101010000101011001100011001101010
1100001000111001101101001111001010101000001111001111010011011000
1010110111011100100100110001110010110011110101001010111010101010
0001111110001101011001111100101110101101000000000110110100000101
0011000111001101100011100101110001110111110111100011000101100010
0101111011100101110110010100000000010111011010001000010110100011
0111010110111001010010100010010111101101001000010010010001010000
0101000010110111001111000100111000100000101010010001001011101000
0001101010111010110101010010010001011011010011101000100010000101
1010101111111110100010010111000001101000101101100110100111101110
1100011010111100101101001001101110101011001100011110111111101110
1110011011100010000010110111100100010101100010010100001101110100
0001000001110011000000011000111001101010001001010011010010011100
1010000101101000010011110000010001001010000010101010100011010100
0111101110010111111110001101111110101010110010110100101101101001
0010101001111110001001010000110101100111011001100000010011000000
1010010100111000101011100110001101100110001110001100111110110010
0010110110101101111101001011001001101011111101001101101111100100
0010101101011111110000110101100100011001011010010010111100110111
0000010001111111011100001011001111110001000100111001001100100101
0101111101010000101011101011101101100111001011101110011101101011
1000010100011111011111100100000000001011000000100011100011010011
1100101101010010111110000000100000001111110001010011111010011010
0111110100111101001010010000001011001011111110111000100010100011
1100111011010110111000110110100000101000011011001001011001000000
1110110110111100100001010110110000011010110110001010000001010001
0111010110001000011111111110111110110000001111111011010100101101
0010101111110100100010100111111101110111111100010001010110100101
0101001000101100100000010111110111011010111000101101011010101000
1000100000010111111011010100110111101000111011101010001110101010
0000011110111111011100000101001111001111100010101111001011100110
0111110110000011010110000101110011000111111100011110000111100110
0101101101010011011000100110101001010110111001111010011100010100
1011011011110001100011110010011010011011101010010110001011011110
1111111011000010010000000101000011111100001100101111001010101010
0100000010100111000000011100101010101100011000110010000111011000
1011110001011010001110011110100010100000111101011101110000110000
0111110011101010110000011010101100110000010010110011011111111101
0000000001001010100010000010100100000111010000011010000100000110
1111111011110000100110000110011011110101000000111110010100110001
1010000100110011000101111100000100000111001111011011010111101111
0011110100011100010000000101100100010100101101001011000110100111
1111010010001100011010000000001100111110001000111000100111110111
0110011101011101100110001011100000101101000101111000101111010101
1010001000000111001000000010010011110110101000111100111000010001
0110101000110000101110000000010001110111100001000110010000011101
0101111101110010101001100001010000011010010001111101100010101001
0101010001011100111100011011100100011000010010001011011010001101
0110000001000101011111101011011011001011011010101111100110001101
0000101010110000110010001111001010100101001110111110010100100101
0011100111011110011100000001110100010011110000101011110110010111
0000111001001101000010010111110110001110111011110100011100000011
0111100101000011110010111011000110100111011110111011100000010000
1011001011111011111000110111111101111101001111111100001111101011
1111000011101000101000101100000011000101100001100111100101001010
0010111101011101010111000111100001000011111111101001111110101001
1111010000100101101101110111001100110001000100011111010000010110
0000110101101100010111000001111000000101110101010101100010000000
0011001100110111100100111100100110010101011010010101100100011011
1010011001000000000110011001100100010000011101000101000000100000
0100010011010010101100101111110110000111100000011111001011010011
1100110000010000101101011011101010010011001010001011100100100000
1000010011001101111100000110110110001110100110001001111111010011
0110100110001010011001110110110110101100010100000110000010100100
1100000110010011010111111001000111001110001000111000001010011001
1101011000011011111110000000111101000111010111000110101011000110
1100101110100110000010010000000101010010000100011111001000100000
1010100010101110110100101011001100000111100110101010110001100000
1000110010100010101100100000001101111100001100010001111100101000
0000000000000000000000000000000000000000000000000000000000000000
0000000000000000000000000000000000000000000000000000000000000000
0000000000000000000000000000000000000000000000000000000000000000
0000000000000000000000000000000000000000000000000000000000000000
0000000000000000000000000000000000000000000000000000000000000000
0000000000000000000000000000000000000000000000000000000000000000
0000000000000000000000000000000000000000000000000000000000000000
0000000000000000000000000000000000000000000000000000000000000000
0000000000000000000000000000000000000000000000000000000000000000
0000000000000000000000000000000000000000000000000000000000000000
0000000000000000000000000000000000000000000000000000000000000000
0000000000000000000000000000000000000000000000000000000000000000
0000000000000000000000000000000000000000000000000000000000000000
0000000000000000000000000000000000000000000000000000000000000000
0000000000000000000000000000000000000000000000000000000000000000
0000000000000000000000000000000000000000000000000000000000000000
0000000000000000000000000000000000000000000000000000000000000000
0000000000000000000000000000000000000000000000000000000000000000
0000000000000000000000000000000000000000000000000000000000000000
0000000000000000000000000000000000000000000000000000000000000000
0000000000000000000000000000000000000000000000000000000000000000
0000000000000000000000000000000000000000000000000000000000000000
0000000000000000000000000000000000000000000000000000000000000000
0000000000000000000000000000000000000000000000000000000000000000
0000000000000000000000000000000000000000000000000000000000000000
0000000000000000000000000000000000000000000000000000000000000000
0000000000000000000000000000000000000000000000000000000000000000
0000000000000000000000000000000000000000000000000000000000000000
0000000000000000000000000000000000000000000000000000000000000000
0000000000000000000000000000000000000000000000000000000000000000
0000000000000000000000000000000000000000000000000000000000000000
0000000000000000000000000000000000000000000000000000000000000000
0000000000000000000000000000000000000000000000000000000000000000
0000000000000000000000000000000000000000000000000000000000000000
0000000000000000000000000000000000000000000000000000000000000000
0000000000000000000000000000000000000000000000000000000000000000
0000000000000000000000000000000000000000000000000000000000000000
0000000000000000000000000000000000000000000000000000000000000000
0000000000000000000000000000000000000000000000000000000000000000
0000000000000000000000000000000000000000000000000000000000000000
0000000000000000000000000000000000000000000000000000000000000000
0000000000000000000000000000000000000000000000000000000000000000
0000000000000000000000000000000000000000000000000000000000000000
0000000000000000000000000000000000000000000000000000000000000000
0000000000000000000000000000000000000000000000000000000000000000
0000000000000000000000000000000000000000000000000000000000000000
0000000000000000000000000000000000000000000000000000000000000000
0000000000000000000000000000000000000000000000000000000000000000
