1000100000111111100010010101100000100110001111010001001110110001
0000011110100100010110011101010011110001111100010111011000100000
1110010000100111111000100010101010000110110000111100000110010010
1001110111100001110000111111101100100101101011010011010011011011
0011011000101111101101111010011001000111001000000111111100011000
0111110110001101100110001001101001001100110101100101010100101111
0111110010011010110011001011100100100000100111101000001100111101
1110110011011111011111110001000110101010100001011100011010010010
1011101111111000111001111000110111110110010101010111000010001010
1000010001010100010011101011010111010100110110111001110110111000
1010011111010000001101011101010110101101101111111110010111001100
0010101011110000001110100111011101111001101111001100100111000010
1011101000100010000101000010111010110000110101100000100100101011
1011111010010010110011011011011000010100010001100101010001011001
0011111000100111001001000011110010001110101100000101010100100001
0010111110011011011001100101101110011100110000100100001101011010
1101011110101111010011010111001101010001111101101100000001101110
0100101011111011011001110001010110110001100110111110001000011101
0010001001011100010011011000011101000000011100000110010100101001
0111011101100110011100011111110110011000001010111111110100011111
1111001100100101101011000111011100000001000000100110010100011101
0011101110101011010000001110100110000100001011110000111000011001
0011111001010001011110100110000000101011100101001100111111101010
1010101001000011101101001001000110010111011111001000010100110100
0001111100110001000110000010000101001010110101100100100110010001
1101001001011100110001100110011110111001100111001010101111001101
0010011000100111010100000101111001010110000100100010011011000100
0111000011110111001001010110100011101110010011000010010001000100
0001110000100011110010110000100001010101010101101011101101110111
0000011110011011111001011011001011111000111010010001011010100000
1111010100011110010011101111000010101010001011100111111110001110
0011011011010111011010010010100000111001000111000001100000101111
0011100111100100001011111001110001111010100000011110110110010111
1101000111101101101101001111110111010001001101101111110001000100
1100110010111000100100111110101011000010000111100001010110101010
0000101001011111000010000010101001101111010000101110100101011100
0011111000111110000110001001101010001000110110100001011011010101
0110000011000111101100110010000110101101011011011100111110101000
1010000010011100111001010010001001001110111111111001011010101111
1011101000101001100111011101001110010001100100101100101011010000
0001001111101100000011111110000000110001100001011110100111100101
1001000111101100100010100001000000011111010010100011001001110101
0101100111001010111000100111011111100111111110010100100000000010
1011111010010000010010011111100001110010111101101100100101010111
1010101110100001101010011111000011100110101010001100010011010110
0010001101000010100001011111011100101001110000000100110000000010
0010111001100111011000011011101011011101010101001111011110001101
1101010110010101110111001000001111111111100101011100101100010001
1101000111111000101011100101110111011000001110011000100001011000
0000101100110010000001010100010010001010110010101100111011000110
1100001110001110110111100010011001001010010010111101100110001001
0110100111101100100001000110111110010111010010101101110001001000
1010111011001011011101011011100101110011110000100110100110010111
1000110011010011011110101011111111101111100111011001010101000011
1000110100101110000010001101100111100101010011000011010011010011
1111100011110101011101010011101101101001001110110000100001110111
1110111000111010100100010110111010000111110101001111010101010001
0110111001101010010111101100111010111100101010101010111111100001
1110001000110011101001001000010111000001001100110100101110100101
1000101101100111000000010110000011100100111011000101101110111110
1111111101011000001111011000001011111111000101110101000011011110
1101110100010111110101001101001110111100101000101100111001010010
1000100100011100101011110000111111100101000110100110101010100001
0101110011100100011010001100001011111100000110101111000000001100
1101001001011110000010111001110111100101010100010110001110100100
0110111111010000110111101010010000011111100001001101110111011011
0101111001011100001000011010001100011101111001100100100100010010
1011010001010011101011110001101110111011010100001001101101011011
0000101000010000001110000001001111011000011100101100011011110101
0001001010100010011011011001100010000001110001011110100000011111
0000011011001011100011111000100010110111010000111010011010010011
1101010010011110010011100011110111001010101101101011001010111111
0101001110010011000010011000100110010011100011011111001011100001
1001101111111100100101011011100010101101001010001101100001010000
0001001101001011111110000100011100001111000101000110000101111111
1000110011101001011011010000111000011111101011001110100010111010
1110101111000111111010010010111011111011010010010000100000010001
0011101100001000111101111000100010001000101111110110000011110010
0001000011111100111111001001100111100010010110101101000110001001
1001111001101000011110101101011011010111111011100010111101010101
0010010101011111110101010100010110101101000010111001000101000011
1100110100011101010110001000101101111100001011110011101011010111
1001110100111111100101111110001010111010110010011000110110010100
0101110001011010101011011101010110001111000010111100110100010101
1010110101101100100011110010001011010010101110101010111110101101
0100010000100111010000111010000000110001011101001111011100000011
1010001101101011011011100010001011111110100010111011111111100100
0101000110101110011001110000000111011101111000110100010110100101
1101101001100010001011100101111010011100010011001001010100010011
0001111011100011001111110010101111010111001000000110101101011000
0101011000010011101000011101001101001010011101110010001010000111
0010000001100000011000101101111111101001011101000110100100111000
0111001000001010011011010110000101100101001100011001111100111000
0000001001000000000001101011100011011000111001001010000111001110
0000011110100000011110011000001100111011110001011001101111010010
1011000100001000111101001100111010000110010100001000111100001000
1101000011111111010110101000001001111110010011010110000110101111
0011110000001110001111010100111001000000101101000001101000000010
0001111001000111011000100101010001010001100100110110001010000010
0101101010011010100011100001101101111100000001011101110110110010
0001011001011110011010101110101010001000100101101110110010000010
1101000001101100000000011011001000110000000000100001001000010000
0000110011111100100100101100001111000010000010011110110000010000
1110100111110100110110111101000000101011011110101000101001010110
1110010101111110000000010011111000011111101100110011110111100100
0110000110001101110101101111111100111101011010000101001111010110
0101000011000010101010101101010101100111100101010110100001010100
0011110101110101010011110111101110001111110000010111011001000010
1101011000000110100100100100100100001100111011110001101111001101
1100110011010100011111011001110001010110010110010101001010000100
0110100101100101000101000111100001111110010001100001000100011110
1011000111101100100101110010110011111001011100101011000100000100
0001100100111100100001100100111110110011010110101110010111100010
1011111011110000001101111001111100101110100111001111010000010101
1011010100101101011111011111010010110010010000000101100011000000
1100000110011101000101110001000000011101010110111111001011001001
0000111010000010111001000010101101001001001110011110101111000001
0000010010000101100011110010111011010001111000001110111000001011
0111011110110111111000001100011111111100101100001110111110010100
0001101111011010111001101100001110110010110000101001100001101111
1011100111110000101000100111011000010111011001101010010000010001
0010101010101011100010100010101100000011111110111101101001000110
0100000101111010100110010010010101101101101111111000001101001010
1011101001100110101011000101011010010011100010010100101001101001
1101010110000101000110100110110011010101011101101000100111011101
1010101010000100001110000011100000010010110100110111011101111000
1101001001001001010010110010111111010001110000010010100101110111
0110110010001000010011100010110100011100101000100100100001100101
0101011010010010110101110011101110000111111011011101000000110101
0110110000000100000100010111000010000000101010010000101101001110
1000111000111001001000100010001000100100110010110011111000100000
1100011100011010111001111011011000101001111000100011101011111100
0110111101100011011011000011110100101010001101110100010111001001
0001100111011111111011101101110011001110110100111001110110111010
1111111001010000100000000110001100110000000000110011110101100000
0110101000010001010101001110110010010000001101111001111000100111
1010100100110111110000101000101001010111010101010001001010110011
1110000011111111111101010001001111110010111111100001111000100100
1011000000010100010001110101011010011101011001100111100011001101
1001011111100111111100000011101111010000010001111001101000110100
0101000101101000010011001100111100001000110110110110101101001000
0001111101001010001110001011000100101101101001110101110011011111
1011001100100111000111110001100000111011011011101010101010101011
0001000000001011101111110101111110110111011010100010111101011111
1111111000001110010000001101111001010111111001010111110110111111
1001110111000100111011101101110100000011101010001011011010111000
1100000110001101100101001001001101000011011011111001110111000111
0011101000001000111111110010010010110010101101000011001000000100
1001110000111000111110110110110110101101011101011101101111101000
0101000001111010010011111010010111000010001011101001001000010101
1011000100110110011111110000011100100111011100111011110101100000
0000001111011111011010011011110010001011000100100001011100011110
0100100100010101101101111001010001100000100111010110100011101001
0010101101010100010110011111111110111010011110100001010110001110
0101110010011101010111011100011010011111110100111100001111101011
1011100010100111010010101011100000110001000011101101111101111001
0100000111110111110101001101001110001110101101011001011101111010
1000000010001010100001110110001110111100000100011111101111101001
1000110010001001101111010001001000010111010100011010011111101000
0000000010000111100101001011100100100110100111000110001000110100
0000100010110111101000001011001101100000001100011111000001110010
0110100010101111110011001001001000110110001111101011111001110000
1110001111101001011010101111001110000010010000010101100010001000
1110111110000010011010100111101101000001110001101111101011110010
1011001000101110001110000000110000001101100001110100001110011011
1011110001010101110011011101001010100111100110110000111001001100
1100101100001011101100000000101100100100000110111101000010011111
1001000011101100110000000000100001110100000100001011100000011101
1111011000101101011111010001011101111010000010110001111100100101
0100110110010101101011111001110101011100010111100101100001101101
0100011100111011101010010000000101111111011011110000110001000001
0101100001011001011100001111000110000011001101010001010011000100
0100101000101001111111001101110001101011110011110010100110010111
1101001101100100010111001111011110011110110001000100101010110010
1101111111000001101011110010000100101000111010001010010001100111
1110001011001100011100100111001001111001110100000100001000001000
1100010000010011001111111010101100110101001000001000010010100000
1100010011101011011000110001001110100010100001100000111100110100
0110110011110001110001011010100110011111110110011000010110101111
1100100010010001010010000110011010111111100110101011100011011010
0100010001010010101001000101001101010101011000001100000110000011
1110100111010000000100110011110101000001101010100000001000011010
1001101011111011000111000000111110010110110010101011110101100011
0001111000011111001110001011000011011001001110111011010110001101
1010001001111100011110001011100100101010010101111000010001111011
1100110010000000101110110100011011101011100101101110111010111110
0010011011110100011111110101010100011010010110010111010100001100
0101100110101001100011110101110010010101011011100011101110011100
1011110110010010010010010000101001100011100100111101010001000101
0100011101110110000000100111101100001111000010001001111011010110
0110110110111010010000011100010001110000011011110000010110100011
1000010000001100101011101010110111111000001100101010100110011100
0100100100000001010001101000000010100110100010010010010111111100
0110000000101101001111000110100010100111000111101111000010001011
1100010111010110010000110101011000010110100111100000000101101010
0110000100100000011100010111101000110000011000011000000010111011
0011101110111011100011101011101010111000010001110001010000001100
0000100011000111011101011011111011100011110011000110111010010010
0101001110110110100001000101001010011100110101111110000100101101
1101011111011111001101110100100010100011101110011000110110101000
1100110000111100010010000010000111011010010011001101110011100000
1101010111110111000100110111010110111101100111011000000101101101
1101111000101101100001001010001101100110011000011110100111001010
1111100011011001001110111100100010100011111010101010001010101101
0010011011010101000000000011101110111010010111010111010101100010
0001011001000011000110011111100010001011001001001001000110010110
0010010111100100101101111000000000010010110111000110011010111000
0010110001011101111010110111111011110111101100101100011001011011
0001101100101000100011000101010000001010110110000101011100111001
1101011011001110101100101111010111110101001100001101100000101110
1101101010111101110101010111001000010001010100100101110101110000
1000000110000111000100010010101101100010010111000001100000001111
0000011010011100101001110101111000100100101001101101011111100001
0011011111000110011011000010110000011100001011111010101010001110
1010110000101000101101001001110111001010011010110111010100010101
0101100010011111010000110101111110000101101001001001110010011110
1011011001000011000111010001010110101000101111101110110111100000
0001101010010111101101001111101010000011110110111011000110000111
1000001000111001101111110101001011001100000010010101101011000001
0000111101111101100000110100000010001011011011000110110001000001
1100000110101110001000100111010110001111101101110100111011000001
1001110000101010100000000010001110100010000010010110010010011010
1100101001111011110000001101010001111011011111000101010110011001
1000100011100001010011111001001000110001110011011100101111010100
1110110100110110010110101001111000000001110000111101010001101000
1000100111110001011110001010101000100101101110010001000111100001
1010001100111000110101101110011100101000011000011110001111110011
0100111001011110100101010110010111111000101000001100101001111001
0010001111110000011011111001011011111010001001111111001011000101
1010001111111100111000001111001000111000110011101001100110101110
1011000010110011100011001010011001100110010101111100110101101110
0100100000101111001011011111011001011010101010011010100010111010
0010001000101110011110001110100100111110100001111010010000011001
1111010011100001111001000000010110010000101000001001101010001010
0111100000111110110100111001001101000011010100011000000010010100
1100010110001111100110100100101100110001011101111011101110101110
1101010110101101001100001010110001111100011101111001001100110110
0001101100101010111010111010011010011011101010010101100110100100
1110001101110010100001011111101001110100001011100110100011000001
1110101000000111010011011010010011111101110000101001001001010011
1101011110101100101100100111111110110000010001010001011110101111
1110001101001100010001110010010010100000101110101100011011111001
1010010001000010001010100101000111100101010101001010011101111001
1101110100011010100100000111100111111001001011101100001111110110
1011010001001001010100010100001110011001101011100100111111100101
1000000010111111110001001110010110100110110000011101111111111111
0110000110010110101100000111110010111110010000101011110111100011
1111010101101010111110100101101000100110000111100100110011111011
0010101000010011110100001101000101011010001111001000010010011101
0111110111000001110111100111010000110110100100110101010010101110
0001011111110110110010101011101111110101010100010001010111100010
0000010000111001010100000101101010000010011110010111111001101001
0011110111100010000000110101100101111111001100100001101111111011
1100110101000010111111110010011011100011001010011010011000100011
0100011101101111101001000110101100111000011110100101101000011110
0100110000000011100000111001101000011011001011001011100010000001
