1100010010100010101110001100010111011010001011111001010101001101
0110001100011011010010111011011111111010001000101101001110100100
1111111101011001011111010011001000101111101011010100001010100110
0111001100110010000000101001000101010010000111100110011011011100
0100100100001001101011011101111011100101000000110011000101001100
1010110010110000101111110101101111001111100000011100010111110000
1111111101000000100010101100011000001100000111010010011001110110
1001100010011000100000001100001111000000000100110001001110011010
1000101111001011110011010101011000000001000011010000111010001111
1000010010011110010111000100110010101100111000111110011000100100
0101011000011001101001100111001010100000011000100010110101110100
0010101000110010001000011010101111100011110100110101000001000100
1100110001101001011101000100111100111010011011010110010100001001
1100011111010111011000010101101111100100111111010000111111010001
0010000101010111101110110010010010100011100000111100100000001101
0101101001101101100110010100110010110101111011000100110000010100
1000110101011111101100111001101011000010101110101000011010100110
1010100100101011101010000011100001100011011001111111000001000000
1010100010100111111110011111010101101110110011011000010010001110
0000010110000100000011100000111010000001110010100101000011011101
1101101110010101111111010001011011111011101000110010010010000101
0001110110100101111001001001010011100001001110110100100100110001
1101111110010101110110011100010001111111001101001010010110100110
0100001111010001111101000010011110010100011000011101001010110100
1110100000011010110000001110100011101110111001000100100101100001
1000110110001001001100101001100101000001011001011101000011010011
1001010101011100000001100000111010010110001011011001101000101000
1100011010100110010100111000000101111010100010101100010110101110
1000110101110101111101000001101101101100001111001000010110111000
0111001100110001100000101111110110000001011100111001111010010100
1100100010110110100011000010000011011101001100000110100000001110
0111100000100000000111011110100001010111010011010010101001011010
1001110001111010100101100111101001001000001001111100001101010110
0111111100011100110011100101100100111010101011100001001000101001
0001000100111000001010100000000111100110111101010011011011101110
1111000110001010010010111100100101001001100010111101111010101001
1110110011011011101100101101010001111011101101000001011100000000
0110100001101101001100011001011111010110101000100110000111011011
1101111111111000100011001001100000110111010101101011100100101010
0001010101010111100111011000111100111101011111100000101001010011
0001010100010011000000001111000110111001110101000000111010010010
0111000000100101011110001100011000000101111010011100011000010001
1011000010100111000100100111101010111000000010101100101001101010
0011001111110010100010000011110010001001110110111001100001111110
1100010110110001101001001010001110001000000101001001001011111000
0010001011000000001001011100101010110100001001011001011111001011
0111011111110100101001100100101111011111010101110011100000011111
0001001011011100000001110011101100101101101000010100010000001010
1111001110001000010011100011110100011011111011101100001111000011
0100101111111001010100000111000100100011110000101000100101011010
1110101001101110110000010111000010000110100110010000001011010110
1001110101100110000011010110110011000001100100110110010101000101
0011000100011001111011110101000000110000011001111010110001011000
1110010011110110110110001000001010011010000001110011010010010001
1101100010010001010101110000111110001000110111001101100101011000
0100100011000110111100011010110101100101010000000000111000001110
0010111100110111000011001011010110010011000011000001101101001011
0001010010001000000111010100101011111111010111001100100111001110
1111101011011111100100110101000111100111010011010001010011100010
0110110000000000100101011111101011010101111010111110011000010101
0100010000000010111010000000011100000110100100000010100100011001
1110101001001111010111101001101010100100011101001101110011000001
1001000001110001000010111111010111101100111000010110111110010001
0100110101011011011010011011110010011001010010110011110111111001
1101011011010000011100000111101010011000110101101010001001101001
1000010111101011110011111000100100010100011011111110011110000100
1001001010100001000011010000001100001010101111010101111011100101
0110110011001101101011010100100010000011101000101110001101100110
0110101000001011101010000100111110000101010111110011110001101010
1100000111010100101010011110101000100110011001001111111011001100
0011011111101010111001101000110101100110011101000101011100100101
0111101100110011110011110100000111110110000101000011100110011000
0010101011010000000001000010001100010110001011011000110110010010
0010101010010001110100101101011001000100001111000111001001010110
0010001001000111101100000100011111100010100100101000101011111000
1000111011100010110010110001000100001010101110110111001010110010
1100011001100111100111011000001010010110110110001001111111011101
0000101001100110010101110001110011100001000001001111110101010101
0000100111011001101001101011100100101000001111010011001111111111
0100011001010101100001111011100110011001101111110010011111110011
0010110111001010000101010010001011111000111111110101111101001101
0010000101101111100010110111110011100001011100010000111110100000
0011011101011110010011001110011100110000010111111010010010111111
0111100000101111101100011100101011001000001111101000111000101001
1110011000010001000100011011010110010110000011100100001011111111
1000100001110111010111000110100110001110101111000101110111010111
1011110110110001100111001011101001011011010001110110101011010011
1111111001010001000000011111100001110001001110011001110001001000
1010011000010011111100001000001001101100111101010110111001001110
0010001011010110001100010011001110111101010010111000110000101100
1101101000011011111101110010010010010000111101000010000010001000
1111010101101110001111101100100101111111110010011011101010110101
1000111101010001100000100011110110010101101000100101111111101101
1011100110010010111111001000111100111100011101110100111001111101
1011001101000000100100010101101110111000110101100011101011101110
0111011101000001101011110110010001000110101110001100011110100101
1100010111001001000110000011111011011010001101010110000001010110
1101110001000110101111010010001011011000001111011000111111011100
0100110011010111001010010011000101010010110110110110111101000101
1000011001100110110000101000110010100111010101110100111000011010
1110111000111110110000010001000010100101010100011100110110010111
1010111000010010101101111111100010001000001110011101010111101100
1000000101000100101010010111101010011011101101010011100010100011
0000000111111010000110110111111110000010010010101101000101110011
1001100011110000001001110111111100110000010100011110011000100110
1100101011110001001111101011001111000000101111111110010001001000
0010101000110111000010110111000111001011010100011001001101001010
1001011001110110100100001000001001010110001001111001011101110101
1011101010101000011101110111001010000110001100101101110000001111
1111000111011001001111011011111011111101101011000100010100101110
0110110001010101011011111001100100011001011010111100110110011000
1011101001111101010111001001111100000011101011001111110101000101
0110111111000100010010110010010010001110101100101011101001011100
1010111101101101011100100000100010111011101110110101101111010010
1100111001000011011101111011000010100011001101001001000101011100
1011011101110000110000110001001001111101110110101111111000001001
0001111110111010001001001110101100110000011010100111101100101101
1110101111110010100111110011011001000111001100110001100101010000
0110110100000010011110010010000011011011001001110011101111101111
0110111111010000011001101010100111010101110100010101001010010011
0000000001101010100010111000011000110010101111110000001111101010
1111100001001000101101010001010101010000010110000011111001100111
1110110101100011101000111100000111010101111001011101110111100110
0000100011101100011010101101000100010000110111000110011010001001
0110000100011001000011000111001110001001010101110100100101111101
1001100010000010001010110111001001110011110010101000111001110001
0001000111100101101100011101001111110000001010111010100001010110
0111110100101100111101010111001110110011001101011110011010011010
1001100001011110100011111101110001110111100000000010100100101110
1111010100010010100000001010111110011010111000100111110111011001
0011111011111101010110110010000000010111001011000001111010111011
0111101000011010101000010010100110111100100011010101111111100010
0101100000110001001000001000000101101001001101011110100100101111
1000010110101000011110100100101100111111001010011010100111111011
1010110101010100110010110011010010110100000000100010011100001110
0001011000001110010100111000011010101000100101010110111011001110
1000010001110100011011100110010000110110110011001101101100001100
1111101111001101100010100010101010100110000110111110010111100100
0100101100100100111011111000011011011100101111000110110101100011
1010011101000001100111011111110111000111110010010111010111011001
1101110011011010011101001111000100110101101001111111010001101011
1000110111011011011100101010110110000010110001010010100101000001
0001010100000110110101111110001100110011100111111000101101010111
0111000011001010100011010110001001000110010010110001001001101100
1101111100000100110101100101111011001111001101111100111110011100
1001011110011111000111011100111110000101100111000111010011010011
0100111111111111000100111011100110101010111100010000011001011101
0001101001010110010001011100111110011001001010100011010101011101
1101100011110001111101110010101110010001000100101111110110001100
1000110110101011010110000001001010101111001011010101011111000011
0110110110100100001111110001111000010100110101101011100011011000
1110010001000111001111001100101000101011011101111111111000010101
0011000101001110101011100111011101011011011011001000111000101101
1011011111100100110010001101001100101100101101111010010001000010
1110111010000100100101010101000001110000111010100110000111011111
0011010100000011010100011100001110000110110000010001101100011011
1000000000111000001010101110010011101000100100000110011011011011
0111000011010001111010001010000101000100011010100110111111100110
1001010101110011010111100001011111100101100110110000111010110001
1010001110010110000111110111111011001111111111010101111000110100
0101000010000011000011111010010111000000100111100110011001010111
1010000111011000010100011101101101100010000100001011001101010010
1100000001100110111111000001010111000011111100110101010011001001
1001001110001011001010011100100000000110000000101110111010101000
0011101010110001011101101010011000110110000000010010000101101100
0111111101001100011100011010111010000111001001000111101101000010
0001110100010101010100100100001000100110111100011001111101001101
0110000001011110111010011100010100100000100011010011000010101101
0101101001011011101011010111011000100101000011000011111001111100
1101000110010111111001011111011100001110001011100101100001111101
0100010110111100110010101101110001011111101100000010000000100110
1000001101010101101111101100001011010111001101001100000011010101
0010001111010010011110111110101111000100101010110101101010111010
1000010110101000011100111010101110110100011110110000101111111000
1110110111000100100001100100010101001111000011010111000001010011
0111111101110101011110001011010011011100101111001110111011111010
0111110110101001101111001111001100010111010111110010011001011001
1000000011101011000111011011110101001111010100000110111101010110
0001011101000101100000001010001001110111011001011000101011001001
1011100010100010100000111100000111011000111010000101111011101110
1101001010100001101110111101110000111000100111101011110100100101
1100001010111010000001110001110111011111011001110111000010010010
0010110011000011110011100111011101010100110111011000100000111100
1011000101001001001100001101010010110101001010001001110001011010
1101100010000101100010001110111011100100000001011001100001100010
1000010010100011000000101101010101100100101110100101001000011110
1100000001110101101011111010011111001000011011001000011101011011
0011111001100010000111000001001110001110110010000011110100001011
0010010101000110110000010100110001100001111100010100111100111000
0100001101010110100001101100100110010000011100100100110111010110
0011001111000000111000110110011100001000101001000100111010100010
0011111010000000101001000001001001000100010111101011111011101001
0111100001010110000000000000011100011110001100111101011010111011
0100001100010101001111111110011111010110010000110111100100110001
1011011010000100000111010110010111111100010111110111011111001011
1011101011011111101111010001001101000101001100111110011101000000
1001110101000001010011000010000011100011011111010100110101110000
0111011110000100101001110101100101010111111101011010110100010010
1100111001010111110011111000000000101110010000100111001110101001
1110000011010110010110101101111001110000110110101001000001011100
0101001110001110010111001110110011001111100001110001000000011100
0101111000111000000001001110101000010011011010001111111111000011
0000011100110010101101001010010100101000110011010011101001001101
0100010011111100010110110110101010100011000110101000101100001011
1111101000000111010100001010000001000111001000000100011101010110
0101000010011101001111011101100101100001110111110101001110100000
1101100101000010100101000011010110010001101001001011101100010011
0101011011101011011000110101111101011100000110111000010110000011
1100010111000101110011001000011101010001011000101000100111011110
1110111100010000001110110110100010100010110011000011111110001100
1010001010101001011100110100101001101000010011100000110101110000
0011001111111111010100101001011010000001011001001111101001101101
1011111111000001010110100111000010011100001100010001000100101001
1100000001100010011101111111101111101110001010001000011010001100
0011010110100100101100001001100000010001111100010101100100010110
0110111000001011110000110011001110100100011000100011110110010100
1001111111010001100001101100011011101001101100111001111001101110
0111100101111101000001110101101110111110111101011101100100010110
0000000000001001010111111001000011100001011001101000101001010011
1000101101100011010011010001100001110001101101110101011000100110
0000100100101111001100011000011101011101010010101111100101011011
0111111100100010010010110010101011001100000001111000001011000110
1100001100100101000110100011101110000100010011000110011001000100
0111101101100011100101111011011101011101110000111111111001000000
0011110100111001111110010010010101001110100100011100101001000101
0000000001010000100111001111001000001011100110000111110100100111
0001100111001110110001001111011111010100010011000111000111111000
1011110110111000111110110010100111111001100001011010110111001000
0111101011100000111100111110111001011011011000100011010001000110
1101101111111000001100011100110011110101010001000111010101100110
1001001000110011100100011010000100011110000110101010111101100001
1010001001110101100111110010100100000001111001101110110011001101
0101100011101010011011011011000000100101100100010010111001001000
1110011111000110101100111101100000100011000101111101010000101100
1000011010010001100111000101000111101100111001110010011001111111
0111001110100000100100111001011000000110101010001100111110000000
1110110000010001110111011100111100011111111011100000110110011101
0000111110001100011110011011110010101011000000101101001000110010
0000110111111001011010001001101010110001101111101111110001011011
1111100000101111001011111011111101100100110011110101010010011010
0100111100100101110111101010000000111011001100010000101010000001
0100101000000111110100001101001100110110001001010101111101011001
0001111110001110101011110011010100000001001011011110111100110101
0100110000011111001110111011000110101001110000001011011101011110
0001110100101101001001011111110000001111110001000110100110011111
0110110011111110110101110010100111001001010100100000110101111011
1011011010110011111110010101000100110011111010110111100000101111
0010000010011000001000000110001001110011000111101111100111101111
0011011100110111101001010010000100011001010101110101110011111000
0111010000001010010100001001110101010110110101111000000111111010
1111001111101010110000111011010101111011110011101111100000001111
1101000011011110010111001001111111101011110100000101000011110011
1100110011100111110110011011000101010001000100001111000010101010
1000101001101011010001010100110000111111111001100001101011011100
1000011101011000010001010101010111001010000101011101100100011011
0101010001101100011000010001100010111010110001101110101001010011
