0110111101101000001000111001101010100100011001011100010000010010
1010100001100011100111111100110010101100010111000101111010111001
0010111100101011001000001101001000010111110000000101011010111001
0010010010001010110100000000000000100010101100100011101111011111
1110101001100101000110110000001000101111011100100111000010001010
1001011001011101001100010101011111000100010100000111000110011000
1100001101100111000000000001011111011110100111001100011111111010
1011111100000010001001000101000101101001011100110000111010110100
0110001011010111001100001100011000010100000001110101110000010000
1001110110111101010011000110010100101100010110110000111101101101
1111011011001001000000101011110000110110110010111111110100011110
1100011010101011110010000110101101110111111111111001100010010001
0101110011100111000010001000100010101101101001001101000100111100
1001011001110011100111101100110010101000101011111001111001000101
0000111101101010110011011010101000010001111011010011111011110010
1001111011010010101101001100000011101011001010110101110110111100
0011101011010101011000011110111010100110001111110111011101000010
0100001001110001001000101111010010101101111110100110100110010001
1101010001100111011011000100011000110100010101110000000101111111
0101111000011111011100101100101011100011110110000011000001110101
0001000100100101110111011001011001001000000000100010010010111111
1111001100110001011101001011111010110001111010110111000101010110
0000110000010011111000000010001001000100000101001111101001111111
1111010110110101001001000101010011011011011011011100100101110100
1001010001010010010001000111010111100100000110000111001100000001
0111000100101011001111011010011111011010000100011100111011101011
0111110000010111001100110010101001110110001001111011011101110110
1000010101010000000110101101001000100010000010110110001000000101
0010010011010010110110100110000000001101110000100001010110111101
0000111111010010101110100001011100100011000100110111010001100100
1101100001100011100000000001011010100101110000011100000010110000
0011011011011100110001010110001100100010100101110001000000101101
0011000010110101111101000000100110010010000101001000101010100010
1001101101101001100111111000100011010111110100001001101100011010
1110000011001111000011011111111000110101101011000110111101011010
0100111000011011001111101000110111010000101010110000010011111110
0000100111100111011010000110100101101010000010100101001100001110
1011001000000101000101101101000001111000101110001111010000110011
1000000111110111011100101010110011010001000101001011100000110100
1111110110110011001111110111001001111001000000010100110011111110
0111101110101011100111111000011110000101100110000001011011111110
0011000011010110011000110100111100010010100011100111110010001000
0110100110100111011011011110101100101101100100000111111011100010
0001000011101010100101101101100001010000010110010010100110010000
1110101001001001001000010000011011111001111101001100010111100110
1111010100100100001101100110111111000110111111100110001010101010
0100110010110001111111000001000111101010100010000010110001111000
1111011111000111000101101001110010010010011111010101000001011110
1100001110100001100010001010100010110001111110111001100100001100
0101111110100000010101000011100101110010100100000000011010011100
0110011000101010011011100010101101100001100001100101000001111000
0111011110110000110101101000010010110010111100110100111000100111
1101111101000110010110010001011000011101011110100111001000101101
0101101110001110000001110101001100001111111001001100001011000110
0101100110011101111100010001101000000111011010010000111110100100
0110010110000001011011111001100010110011010011010011110011111100
0001111000001110000000001110101001110010001101100001101100110111
1011011101001100011101100110101101000100111011000101100010001111
1000001010010101111100111010101111101100001100101010000010100101
0011111010001110010100010011011100100011101100000011001000101001
1010100011111011000110000010100111010010001001101110001000111000
0011101110010110101001001101000100101111110000011010101100111010
0011011010010011111110111111011010111100110110100001010011100000
1011011001011001001001110100000000010101011011011110011011011100
1000101101011001010111101010001110001011010011111110100011110111
0010111110101011100011001110111001101101011001100000111011111101
1000110010110011001011001100111000011101010110111011011010001111
1111011000111101010001101001010001110000110010010001001100010001
1100000111010010111001111011000010010100100101110110111111101111
0100001011011101010001101110000011110100000010000111000111100000
0010011010000100110000101110111001111101000111100110101111111011
0111001110110011111110100101100011111110001011110001111000010101
1101011010110111011101001000111111011110110010000100101110011111
0101111011011101001100010101011110100001111000000110111110110101
1011000100011111101101011010100111010100100100011010100100001010
1001001110100010110001110100011001000100000110010100011000000000
1101101010101011101000111101111011101000101110100111001111011111
0001100110100010000011011011110110011111110001010111110001011110
0000100110111010000011100011011010001101101101101100110010100011
0011110111010100000100010101000011101001010111101011101100000011
1001010010111010101010100100110100011111000100000000011010011010
0010011101010110100110010010101111101000111001110101101101011000
1010000001101001111001110001000010110111010101000011001110110111
0111110001111100100000110111010100101111010010001110010011000000
1011001000001010001111101010010111001001000011000010011000101100
0000010000101110010111111101010110100100101101000100001001011011
0001100000110101011001111010111010111111101110110110011000101100
1010100110100000001011101001010101100010100100101100000001010000
0010110101110101100010110000011000111111011110100010100110001111
1011001100011101010000101000100111111001110001111001001111110101
1100011010000001011111100000111000010111100111000011101011001101
0001110101000001100010010010000110110001100111010101010110110111
0011111011110001100001110110110011000111001110000010011001111011
1111100110010001001001010001011110101001010111010011110001010010
0011110100010111000101111010000100010111111000011100001010000011
0001011110001101111001100000110010110101100111001001111100111010
1000111111010001110011111110001110010111001101001010001100101010
0010011101000100100100001100100010110111010110011001111111011100
0100111111011110010000110110011110111101100110101110000100000001
1101101001000010000111110000010110100110011010011111100110001000
0110011111100111101001110001001010110101000000100100011010001001
1110010101011011010010110101110010100010111111001111000111100000
1010100110100101101101001101101000010010001011101111011101011010
1000000011011011010000101110000111110010001011001110101011111101
0111001000111101000010011100011010100010001001111011000001011110
1101011100011010110111101000111011110011011000001111010111110000
0001100000000101000001100110011110011100000011110111000000000001
1110000001111010011010101100000010011110010110010101110100101101
1100011011001110110110000010000001010110010111101111111101110001
1011010011001011011001010010111111100101010111110000010000011101
0001110000110011011100100011111001010001100010111101011100100011
0011001010100101100001100110010110010101110110001110010011101101
1101011000101100010010101000010100011011110111111111011101010100
1101001000011101010000000000100101101101001000111111001010100110
1010111010000111100010101010010000010110111001000101101111101110
1001100111110100101111001101001100111101110011101101110111111101
1101100010011011100110011001001010000011110110111111101000011100
1111111111001101010010111100111011110100011111101110101011010000
0101101010111001111001100010110110101101011101111100101000011000
0010010110001010101100101111111011111000001101100101001110101000
0100111101000011100111100110101111110010100110011110011010100110
1000011011110000111110101010100011010010100000111010100110010100
0000111000000111010010110110000101101110010101001010110010010011
1011010101011000101011001101011101010100110111100110000100110111
0000101111110111000110010010001000101001000000011000110100011101
0100101000101000000110001000011111100110110000000001001111000111
0001001111100010010101000010001001001010000111011010101010111100
1111011111011110110111111101101011011001100111001001111010110111
1111111001001110111111000010111010110110010001001111011010110001
1001110011111100011101010010010110001111011110110001100001100111
0110010010001010001000110001110101111110101000110101010100100111
0110100100110000010100111100110010001111111001101000000011001111
1100100110001001011100100011001111100100001101111110110000000100
1010110001000010101010101010100110101010110000011100010001001101
0011101101010000101011110001101101000100100011000000010011101110
0101000011110000001100101100100000000001001100010001110110011111
0010000010000101110011000100011100100101001001101010011010011011
1111000100000010010101001101001010111010111010001001100000110110
1000100011110010000010011010100011101000011110010100101000010010
0001000101100010110101100100010111010001111011011000110000000000
1000011100001110011010010010011111010100100000010111100101111010
0111011010110000110110110011111001110110010010000110111100001110
0001000100110100100100010001110010100110001001000111000010100010
0111010011101001010100111111100001101100110000111011110101000101
1001110101100011010111001110001111011110011011101111100010001100
1000010010110111101111001010110101000010001010001010111100000111
0010100010111100111001100011100110010100001001110110101101001001
0011111111010010001010110101111110000101111100101111110100011000
1001011010001100111011100010111111010011011001100100001100001110
0101011010000011110101011001110001010101011001100111000101000011
1010000111001101111101110101001001100101101110010010110110111111
1001101100001101011001011100011111101101100111000101000010101110
1000111010011001010110011001101010011000010111101000010100010111
0001101110111001100010000001001111011010111100110000001111110111
0111010010010111011100111110010011001010011001110111101000100011
1110100111110111100110100100000101100110101000111111000100001110
0001010001011110110111110101101000011110010011001001110000100111
1100011111010101001101110100000011101100110010110011010011000001
0001111001110001111101111111101111111101101011111000100111010000
0000100100111000101010111111110011101001111100110111100011101101
1111101000111010011001100111101110000001111010111010010001001001
0100110000111010010100101000101100101110111010001101110111001001
1111101000101011011100010010101111101001001111111011000100111111
0110000001110001110010010111001101101010111001011001010111101001
0111000001101000010101011101001101011101001011101110111011011010
0001000101110010011101111010101001111010110110111011111111011110
1111001011001110001010101111011011010000000010100011011111000001
0111111101100100111010111010000010000110010010010111100101011110
1000000110000001011010010000100010111010101001101101001100011111
0000100011000101000101110110001100000000111010110011111101111010
0011011001111101110111001010111011100011111011101111101010001010
0100001011100111111100110010010101011011001001111000100001000101
1001111010101101001010111011110011011001001011000101001000111110
1000000010001010011110101011000000010001110001111111110001111001
1110011110001100000101110101000100000101100111100101110000001101
1001001110101111000111000000010011000101111010001001101111101001
1110011111111000010010101001101010010001100111010011110000000000
1010001100110010011011000100010001101101011010111110000111001110
1010110110100011110000000001100110010001110100110010110110001100
0101011101000000010100011000010111011100001101100110110111000000
1111011110101111011011110110111000111100110100101011110100101110
1101101110000111010000110101100011100000011000101110001011001100
1110000010110110010010111011100000000001010001110100110111110111
0011111011011000110011110000101100100011100000100100100010000001
1101101100110000011011011011000010010010101010011011110101001111
0011011111111010000001101101100100101011110100011101101101101101
1011100011011111111111101001001110100101101101000111101100011100
0011110110011111010110011000001010011000011111001010011100111001
0011000011110010010111000011010110011111001010110101111000001101
1100000100010011111000011000010101100110110010010111001100000101
1001100001111110111100101000100111101101111111010000011001011100
0001000110001101101111101111000101010000101011101001010101001111
1001000000000001110011010011011111100111001010111000000101101111
1111111010000111101111000100010011101111000111101001111011000110
1010100000000100001111000000101100001110101010111000001110000010
0010011010110100101010100010101110100001110100110111100001011011
0111010011111000011110101010101010000011011100110001110011110000
0101110000101110111101010111110111000000011100100111000010100010
1111100011010111000011111111001101001110000101111001101011100011
1101111111101101100100111000011001100001010011111100110100111001
1001110011001111001001101101101011010101111110011100000111111110
0010101111100011010001110110001010010100101001100100010110100001
0001100101101011001101010011101000011101011010100110101011001000
0000001110000101010110001000001110110000111111111110100110010111
1010111110110111011010100111011000010100011111011010110101110111
1110110010101011001010100110111110111011111111001010100111001000
1111100011110001001000001011110011111100110010110110110001110100
1101001001011000011010110100000011110101110111111111000110010111
0100111111011111011111111001010011111100100001101100100100011000
0111010011000110110110001001000001000101010110101010011001100001
1010011000100000101000000100110011110001101010010011010100111011
0010101100001111101100001000101111111111010100011011110011000011
0000110010100001101101101001001011010101001100001010100000011010
0001101010111001100011100111110100100010000000000111110111111101
0010000001100010110111111011100100110100000101000110011000000100
0101000001100000110101000101111100010111111010000001000101010101
1010100000110101110110111011100010111110000101100110001101101101
1101100111101010101010010000000111100011010101101110001100110001
0010110101010000101101110010000101011001110101011101110101011111
1111100101010110000000110011111000101110010101001111010001001000
1011010111101100010000110001010100000001010100000000100101011001
1001111011001101111110000101110000010100110010010110000010011000
0000110010000100010000100100011101010011101011001001010011001100
0001000111111111110100110111011000000111011001110000100001100000
1010001011101111101111000000110100000001111100000000101010011101
0100111000100001001011111101011110101111111011011100000111101101
0001011010110110011001110001001111000110001010011000001011100001
0010101001101100001010101001010010010100101111011001111000110101
0000101001110101101111001111001011110111011111100111101011101011
0000000000110000000110110100000000000010011111111001111011001110
0000000100010011011011111011110100110001011100111011110100010011
0001010010110110010011010010010111001111010010100001111010100001
1011100100000111111001011010001001101111110011011100110011101100
1101100011100110111000011100111000110001010100101010000011101110
1100000101111011110110100001111100010100000001111100010111000000
1100110110110011010101010101110100010010110000011111100100110100
1001001000101001001000000111111101001110110111000000110111011011
0100000011100110100111100101110100000110010001001110000010011111
1000110111010111010001111100000000110011000111000001011000110110
0101101011000100011011000101110110000101100011010111111010001000
0110011001001110111100111010110011110100000110101011001101111001
0101000011101101111101010111111010110101101001101110000000010110
1001001010111001101101111000110010010011001010110110111110010101
1001000011100000111001011101011011110010010010011101101111100110
1111001101110001100000110100000000001010100100010010011111100011
1001111101101010111101110011000101101101100100101100010001110110
1010000111101111000110101101101110101111000110110011011010101101
1011000000010101101100011110100011010010101101001110101000110011
0000000101110011110110001001000110001111110001111011001110111010
1010100110011100110000000010101101011010101010101011010011001111
0101110011110110000001011011111000100000100100001001001110110100
1011100011111101110100111001111101000000000011100011011101001100
0100110000000100001101001011110110001011111010111111110101000000
0011100111000101110011010001000111000010101010010101010111110100
1000000111101000100000111110101011111011010011100111101011110011
1110010011100110100010100011010000100100010011010100101110111110
