0000000011101011010011000111010110110110111011100111100001111100
0000110110111011110101111101110011111001111000111111010011011111
0000001101100110001000011011101110010011011111001111010001100000
0000100001111100000010101100100001100110101110111110001100111010
0000101100011011010111100010001110001110001101001000100100100010
0000101011011111101011101010110011111000000001111010110111011101
0000010100100001101000000101001100100010001000101001100000101011
0000100001000010001011100011111001100101010101110010010011110101
0000000001011010001100010001010110010010000110011011101110001001
0000000001111111100011000000110110101000111101100110110010111101
0000001000110101100010111101010010111001000100100110100011011000
0000001111110111111011001100110101001001110010100001111100100101
0000000101010110101011110111101001011101101011100111101011010110
0000110010100111111111011110100011001100110101011000111111100100
0000011010011000101011111111100011011110111010010100111101110011
0000010000111100000101111100110101011100000000011111101110010100
0000000100100000000111000001000111000011010011101010101111001010
0000010110000111101111111111111001010101110011111000100000101111
0000001010000001110100011111001001110011001010001101000111101000
0000011010011110001001000010111101110000101100110000010101001110
0000010111011110110011011001010001101000010111111111000100111101
0000110111110010101011010011110110100110111011011011100011010111
0000001011100111100111011001101101100000011010110111101100100001
0000101111101110111011111100111110111111100011101001100100111001
0000011010111001101111110001001000011001001011001001100111100001
0000100101100100100110001011100011100110101011001111011101100100
0000000000010011000100111111000010100110000101111111101101000010
0000100011100110100011101111110010000111000101010111101101100110
0000011001010011000111010010001001010010001000101110101001011000
0000001000100100101101101100101100101010111101101111001100000001
0000010010001111010100100111001111100111010011111001110001110011
0000111110000010011111101100010001010010011100010100100100101001
0000100000000011010001000001000001100001111111101110100101011010
0000110000011010101111101010111011111010110100100000100110011100
0000110110111111111101100000101000100011000001110101110110111000
0000101001111111111110001000110111100000010110001100011100111101
0000011110101001001100101011000110010010110000010000110101010110
0000101011110111111000000101111010110000101001010000011011100100
0000010101011101010000111100110100000000100111111110010101110100
0000100101010010100000010101100010011100100001101100000111111110
0000000100001110100101011000111110110111111110011111111001001010
0000101001011110110101001110111101101110010000001110000110111111
0000010000010011111101000110001101000010001100000100100110101111
0000111001101111000110010010100111110111101111100101000010101111
0000101110100000001000110111010000000011100111101111000101111100
0000000111110111101010110010111011111101011000010011111001111000
0000110101001101010010010010010000100001110101110011101010010010
0000001100001111110110000010110000111111100000111111111000100010
0000000111000001010110110100000100101100011010001010111111001100
0000100001110111101011110000101101010001000110010100000011111011
0000011001101000000101111100011100011110111110110010101111011100
0000110110011111110110101101101000111100110100110001111101111010
0000001011100000011011001110010010000010001110000110000001000011
0000100010000101110001110110100111110101111010011001111010000110
0000010100001110000000111010111110100101110001110001011011111000
0000111000101001110011110000111010111000001000111111011111101100
0000110001000101000001010001000001010100011101100010100000100100
0000001100010010111111100100011110100111010001110011101001111101
0000000110000001000100001001110100100010010001110011011101100001
0000101101010110101010111110101100110110000001100110001000110000
0000000001001000111111101101000011000111111000001001100101010001
0000110011100111111000111001010101110111101111110011000100101011
0000000101111101001110100111000111000000001111000001000111101100
0000111101010111011100001011110001101101111110011111101101010110
0000011110000111011001000110010100001001000001000111010001001110
0000001101110001000011001001001000101000100111010010000011110010
0000000111011011010010111101010000111011101010101000101010000001
0000100111001011100100111111010000011011110101000000000110111000
0000010011100110001110000110001011010011010010010011010011110011
0000111101101001000111000000111111101111011010101010000011110001
0000000100011111010010110100011000101101010110111110100100111010
0000110110101100111000101011100011001101100010111110111011000010
0000000010110110000011100111000010111011010001110110111101101111
0000100010001010101100101011101001101010110000000100111111110000
0000111100111001010101110100011011101000011110101110101001000001
0000101001000001001011010001100011011001011110101000101111000101
0000111110101001111010011100101110011110000100110001100111111101
0000100101000100110010100111100001111011101101101111101101000101
0000001101000010001100000010010011111110000001001000111010110000
0000110111110111111110011101100111000100111001010100001101111010
0000111100011000010100100100001100100011011101100001101000101000
0000100110100100100101110110101100000111110111111001011111010001
0000111011000011100110111000101010010011010001010111100010010011
0000111100111001101110010111110011001001101111100110111101110001
0000000001011010100110001010100111001001000010000111110001010110
0000110001001011100011111011111101111011101000100011111010011110
0000101110010011011010011111011001111100001000011110101011000000
0000110011110010110101111000101111100110100011000001100101111001
0000101101110000001100000100011111111000000100000110100110110100
0000100001010000110000110111010100101010101010111111110001111001
0000111100100000101011000101010110000000001010001000100111110101
0000111011100011110110101110110011000011110111101100101111111011
0000001010100011001111001000011100100001001100101100000011110000
0000111000100111111011000001100100100110100101111011100101111101
0000001111100010001001001011100111000111001111101000100101000010
0000000011110011111001001000111000111001111001101011110110111100
0000010010011110000000010111010010100001010010010000101000010110
0000000010100000101001010001101110011010110110010101100110100110
0000011101001011101000101000010100010001110100101010101111001101
0000111111110101100100010001101010111110101011010100111011111100
0000110011010111101101011001110100000011001101010111011010000100
0000010010111011101101111111111111100000110100000111110110001010
0000010010010110110110010001001101100010001101010110110110001100
0000001110100111110010000101101101100000001011111110100000001010
0000010010000111111010000110000110011000000110111110100110111110
0000010001111100111010100110100010000110101101101111110000011101
0000011000010001110000011000000010000011000000000010111011011100
0000111111001001111000010111100110111011100000000101110101110101
0000001011100100101111100111101000000100001111001101000000000011
0000111000111101101011001100101000100010111110101101100101100000
0000011100110000111000010110011100000010011100000111111111110110
0000011100101001111000111000101000100100111000100110111001000100
0000111001010111001100110001011001101000000011011010101011101110
0000111101010101111110001010111011001010100100011110100111111111
0000100001010111000000100010100011110111110001010111100011101101
0000000010101000010101111010111110111010100101001011100100010110
0000001010011000111010111000000101110010011101110000101001011111
0000100001011110101111100101111001011011111100101101100010100001
0000010111000011001111111011100110101000001011100000111001100101
0000111111110101110101100010111101100001101111110100011101110100
0000001000001000001111101100101100010000010011111001101001111101
0000110101000100100001110001101101100110111110011000110101101011
0000101000000110010001010011011011110001011010111100110011000101
0000110111100001101110110100110000010111101000000011101001010100
0000111001101100010010101010011110100110011000110101110001011001
0000110001100100100001011011110011010000110101010000100000111000
0000000001000101001110000011111011111111010000001010110111011110
0000111000111100111010010001101101010001111100111000011100000101
0000000110110001010111010111000001000100111000111111000111010100
0000101000111011101011100110101110100111111011110110111010001111
0000100111111111011001011010001010011010011000011101001111001100
0000110111101011100001011010111110111111110100011111111011111111
0000001010100000011111010010110100011101000101001111011101100100
0000000011010100010000000111101001111101001011011111111100000000
0000010001000100001101110111000101110100010000101001110000101000
0000111100111110111010010010111000011110111011000010110110001010
0000100110001100010010011000000111000000010111101000110001000001
0000111010100110100111111111101001010011110010011111100101110011
0000110000011000100111011001011100000100011110111100010001000001
0000101100111000100101101000111100111101110010110101001011010010
0000011000101000101101010110011101110001010000011101101010000001
0000010111111100011001111111100001010111110001100011001011101101
0000011001100000101010000001010110100100001100001101101110100111
0000011001011001001001011001010101111011010110100101100001111111
0000100000001111010110001101010101000101010010010110100000110011
0000011101100100111100010010111100111111111010101011110101010111
0000110000000111100101011011010100111000110101110011111011000100
0000101111101111111101101111110101100110100011101101110111100110
0000000110110001010011011111101000110011000000110111110101101011
0000010011000110011011010010101110010011101010001010100111101000
0000100100110111000011100001000111000110011010100010110001001000
0000111110111001111010011101101000011011101000011010101000011011
0000000101100001111110010101100100011001001101000110111111110000
0000101111111000010100011011110001111010111111010111001110100111
0000101101000111011100111101000110100110100100001100111111010111
0000101110010111100110011001110000010001101111011101001010101011
0000011111000100001111110110000100111100000011001100101110101100
0000011110111011111100001010111101001011100101011001010001101001
0000111101100010011000111101001100101001011100001100011000100000
0000010100111011010001110000100100001010001101111001110111101010
0000000010001110100110111000110011011010010001001010010001011000
0000110000011100110100011101110010101111111000010110111000101011
0000001010000001010101000100010101001110011101000111100100100000
0000010011010001110111010101011011001100110001111110100111101110
0000011111110010010011010010001111011001000110100001111010111101
0000101011111111010100110110100101111000111101000111111010100011
0000110000001001100100011011001000100010000011011110011110111010
0000000011110101101110111011101010100111110101110110010000111011
0000000110001011011110110000000000001110010001000110100011101110
0000001110010001101011110111110000111001000101010111110001111111
0000000110000000001000000100001000010101101110110010100100000110
0000010100001000001100101111111010010100110101111100000111111001
0000010011100001000001101001001111000000001001100100001011110010
0000110100010111110110011110111111100000101010111111101001011101
0000100011100011110010000011101011101001100011110010011010110010
0000110101111010100111001110101001111010111001110110100001010111
0000000000010011000010111010001011010001010000110011010101110111
0000001011010111100100011110000111100010111011000011010010101110
0000001010110011100101011001010000100011100101000011111001101101
0000100111011111011111111111101100011010011110010010110011110001
0000110010000111010110100100001001010101010000000001100010000100
0000110011011011110000011011110111011011101011010011010111101010
0000100100011010100101011101011111001101000001001101110011101000
0000000000101100110101110101110001111110011110011011100100110010
0000000111100010100010101010000001000000110010010101101111110101
0000111011011101101110101111111000101111100100011100110000101111
0000010111011111001001110011000010100011001100100000110111010000
0000110000010000111110000011101010011001100111111111010010010000
0000011111000000010101010011111111111000110000111001100000010110
0000000001100111100101010011110010101111110011100111100100110111
0000010111110001001110010110010101100000000011001101100000010100
0000111010111111110110101100110010101001101101011110111110101111
0000001001100101011010101111111010100100111001110110100100010111
0000100100100001101001000100100110100100110010100111011110000011
0000001100101010100101010100111111100000000100001000110110111101
0000010011100011011000000010100100011001111100101011000111101010
0000101110111000011010010110101000001010111011010011100000001111
0000101111101110110111010001101011111111111000110000111010101011
0000010011110110000011101101001011010010011000101100011000111011
0000110011110011110001011100110011100101100011111100101000110110
0000011001100011001100100110111011011011000110111000100010011110
0000011111101001011011001110001101000110100100001101001111010000
0000101011110101101110011100111110101011000001000110100010100110
0000110101001000101111101010101111010011010111100000101101101001
0000000111110111100101001101101010100010001000000111010111110111
0000011001111100111110001010101101100000111110111111101101011111
0000000111000100010001001010000010000111001101000101100011110010
0000101110110101111111000001100011110111001101111000111101100010
0000010111001010000001001000100000100100001101101111111011110010
0000001011110110000101110001101000101101000100011100100111011000
0000010110010100011101101001010001011001110111111100000011000000
0000000000111011100010100011110001100110110010110001100101111101
0000000000010100010001001100011110010001100110101100110110110001
0000111111011101001111011100101111101111110011100100101011100111
0000100010101000000011001001010101010100010011011011000001001001
0000111110101100100100010101111101011101111111111100001110101100
0000010111011100000011011111000001011100001010010100110100111001
0000111111111011110101001110100101100000100111100000111101111100
0000100000100111000001001011011001000101001000100101100101100011
0000100001111101001001101101011100010101101110110110100111010001
0000100011010100100010000101011011010110111000000110011011111010
0000001101111011111001011000100110011011111111110000001010101000
0000000010001100010100000100110011000011100001000001010000000100
0000110000000010001010011010000010000000100010101101001011101011
0000011001000100010110100010010111100000011010010100100001110010
0000100000100111100110011100100110101101100100100000001110010000
0000100011000010110001100000100011011011000100100000110110101110
0000111111000110001110000111111101101101101110100000100111101010
0000001010001101101001010011001010111111010100000110100110000000
0000101001101111101001101100011101000010111011110110011001011000
0000100010101110110101111110101100001101011100000001010001111111
0000111100011011110111011011101100011111111000011110010010100001
0000101111001011000011111110001011011111001100111110001011101000
0000110100000110000111000010100111101011110101100111111110110101
0000110011110101101101000001000100010100000101001001100010010001
0000101100110011000001010010010111110010100110101000100000100100
0000001000100100101000100110010001011110111100111010001011100000
0000000110101110111101101100011010110100110010010100111010001101
0000000101011011110100101110000111110011001000101001011001111000
0000101110110010110110011001101001110111111111010111000010100110
0000100111000001000101000011000010000110110001001110101110110100
0000110110010000101101011010110101001011110010011000010101111001
0000011101000001110101100001101111011110111110010110101101000110
0000010000100111000100010110111000000100101110011101001001111010
0000010011010001011000100001110001101100100100101001100000110011
0000100100011010100010000111101101010111110100011111100100001111
0000110110001100010011011100100000000101000100011000110111100011
0000100010110100110101110100100101011010111111011101110011110100
0000001000001011001001000001000101010011000011010010100010001011
0000111011110111101110011001110100110011111010000101111111111011
0000010110001001011100010100010000001000010001100000110011100100
0000011101011100100101111000100000101001101010110101000010001101
0000111100101110101001100000111001101001011111110011101010001010
0000101011100001101111110100111010000011101010111111011011110000
0000000010000111110110111011111100000110100111101001001110110101
0000101110011000110111010000100101010000111110011001010010111100
