1111000111110000110100000111111001001110100001000011111011101010
0000111110101001100011011110111011110000011000001010000010110101
0111010101000100101000111000101101101100001010111100001101011011
0001110001101011010010101001111010000111111101000101110100110101
1101100000010100101010101001000000010110101111110110011101001001
1011101010101001010110110101010101100101101100001101111001110000
0101001101001100010100101001001010010001101111001011001100101001
1000110001100111001100110110000100110001101101011001100000101001
1101011001111001001100100001100111011111111010010110100001001100
0001110101101100101010000001010000110010101111100110110110101100
0000111001011001011100011100110110100110100111101101011000001101
0100010000111000100100110011100001000001000011100000100110001111
1100101001100110000110000101101011011100111100010100000011010011
0100111101000001111100111011111011100011100101001110001100110011
1000010000000010101001100100000111001001011111000010000001011010
1111111101100110011000110111111101111100000100000100001101001010
0000011101001110110100101010001001111010110010010110101010010011
0011011000010000100011001110110000111010000111100101101111011011
0110110000100011101111001100111010000011011011111100011010110000
1011111110100011111011110101101101011101100001010000100110111010
0000001100001101011011010001100101101111011000000001110000001111
0000000100101111000110100001010101100011100000101101111010101010
1100010101100011000000101101010101111110100001110001101001110110
1000011011111010101100000110111100110110001010001110100100100110
0111111001001101000011100011101011011011101111011000100000010001
1101111110000101011110011000000100000000001001101010111001001001
0011111000100101000111100000000001011100101110001110000101001011
0100000101010110010000011001100100111101010000010111001011001011
1101011101011001101101101101100100010010010101101010100100010000
0000111101001001101001001001101110101101100111100001110001000011
1110110001101010101010011100110101010111110111110011101100100011
1011110010000100110100110101110001110000100110011011000110000000
0011111111011001000100101011011010111001111111011101010000110010
1001011001010100000110111101101110000101101110100110011011101111
0110101100001010010110010111000100010010011010101100001101011100
1000100100001010011011001000000111000100111000000011100110011101
0100101011110111101000110111100100110100100000001000000001101110
0011111001111001001010101100101011001101101000010110101110100001
0010001111010001011000101010011101001110111111100010001110111010
0001111110111001010110111101101100010100010011111101100000000010
0100010100001101000010010011101000010110111101100101010011010000
1001001111001011000110100111011010011010110010100001111110110011
1010101101001111000100011110110100100111100011011101100001101100
1110110100101001000100001010100110010010100111110000101110100000
1100000101011111101100010111001011001100111010101011110101010111
0011100110011110010010110111010000011111011001000101100011000000
1110001000011100000000101010010001011011000101101010000101011011
1011011000010010110110100100011111101110000011101111111001111000
0100011000000001101001011100011101000101000101111000101100111001
0101000101000010100010001000100101000101001100010110110010100011
0101000101100011000111100101000110000000111100111100010001011001
1000101101100110001110110011000010111110000010001000100001101101
1101100000000010110111001001100000111110110011011000011111010100
0011011100010011000110111100110000100011100100100111100101001011
1000100100000000000111001110010100111000000001010001001011010011
1101101000010011010101110111111101111111010001100010110010110110
0010111100011001010000011101010111111010011111101011111010001000
0110000000010001110110011010100100111100000101101001111011100001
1111100100111000000011000000101000101110101000101001111111010010
1101000000010100001111100101100010001011111101101001100010010100
1000010010001000011010000000110110101101101110111000011001001101
1110111110100100111101011111110001110100111101100100000010011001
0111101110101111011101100101001010000011011011010001001001000011
0111000111110110000101011010101111000010011000100101001110110110
0010111111001101001000100101010010001000110100111100011101111011
0100111001100010101111011000101010100010111111101100000011100110
0111001111001000111000110001100011110111011100100011110101000010
1111111011110101011110001011111000100001110100000110000011010101
0000010000111000010101011101101101111111001111000100001110010101
1000101110100010011110010110010100001101011100101110110011110110
0001101100010100000100111010100001100101111000110000100111101110
0110110101100110111000110010101010001011110011011101101100011110
0100110000111101011100111011100011001110111111011011001101001111
1101011010000111111101110111101010001101110111111011011010110010
0001110100000001000110000011001010110110000101001010111100101000
1001010101000000100001111001100011011110001000000111000111100011
0110011111000011110001110100010110011110110101100111101101001001
0010011001110011011110011111011010100010011111110011011010011001
1111101000001110000111110101110011100011000000000111110000101111
1011101100110000101011110011101100010100010001010011011110101111
1010010010101000100010011011010100110000010111011101010100011011
1110100001000110110100011100000010101010100000011111001011000011
0100101001010001100010111101111100000011110111000000010010111101
1000011100000001001011101010110000111100011101100000000000000111
0110101001100111111010111100001001100001010101010110010101111101
0110001011011010001100001010101011101010111011000000100111111101
0010000010010100110010101101010000101010111101110001101011000011
1011110111110011000101011010111101100110111000110001000000010011
1101101110100101101000011011011000011100001010111000111000101101
1110100110100000011000100010011110110000001110000000010110010011
1100010101110000100101111011000100110111111000111100010010111101
1000011010100010001111000000000100111111000010110001011000010001
0111011110010111011011101010001000101001110001001111010100110001
0111100000111011100011011101000010110110010010010011110001000011
1010111100001111001001010001110010110101011011011100111101111110
0111101010100111010100010010110100100001010010111001101001101111
1001000101110000110101001100101100000111110010001010110101011001
1111010000101000010101100100100011101010100010001000100000100110
1010011111011100010011001111000001110100001011011101110000001100
0110000000100011000010111101111011110011011100100100110111001001
1000100011001011111111000010111111100101111101110100000000111000
1101100111011100111100101000000110101101000011111011101001001011
1011100001010100000001101000110100110011010010000100111100101000
1110001001100010000100001000101001011000110111001011101000111001
0100110101001101110000011101000110110111001101100101110011110101
1010001001001111101001101011001100110011000011101111111000100110
0100100110010011111000101100000011111010000011100100111111011110
1111011010011001111101111111011110000000010001111111010110011101
0001001100100001111000111100110011101000010000101011101000100100
1001010101000000101111011110111101010111111100111101000010111110
1100101010001100110010000111101011011010100101011001111100111110
1101100100001000110010111100100000011010001001010001010100111000
1010110010011100110011100011110111110010110011111110110011110110
1111001001111010111101110011100110011101000010111010000010010100
0010101000001111010011111000000011111110001000111111000110010100
0001001110101110100100000101111011110011100111101000100101011010
0110000001000110111001001010011001010010110100000000010101100110
0111010000001101100101010111011000110011100010110101010010101111
0010010011101101100111101110000110011110000101000010001001010001
0011001010010000110011111001100110111100000100000000110101000010
0010110111000101010101110010010001101001111011010001100101111000
1010100011111111010000011000001010101111010111101011101010101101
1100010100001100010001010011001001101101110011110111010010111011
0000010011100010100010100001100101101101111111001000000111001000
1001000001010100000110101100101110110000101101110010101110011000
0000000000111100100111101101001011100001000101101111100010011000
1110011101000100110110001010010000100111100111111101100110111010
0111101001001011110101010101111011010010010110010001100010111101
1110110011010111110011101001101111110110001000000110110011101001
1010110001110000100101011110011010100100110101100000010001100010
0111110100011010010111110011010111001011010110000001111010001010
0111001001101001011111010110010001101001100000001010100001001000
0000000110000001101101110100111011000001011101001101110111000100
0010001101010110010000000001011110011111000110000101001110001000
1001010111100100110011100100000010000110011011000101101001100111
1001100110111010001000101110011010011110101101011101111000101100
0001011001000110000101010011110000000111101101101000011001111001
1001010011011001011110000000110110011101111000111001111001110000
1001011011011111001111001010010001110100011111001010111101101101
1010000111011011101100000010110101101101100000101000000100100001
0001110111110000011100001101011011101101111011001110011010010001
0001111000001000010100101000100000000110001011101110000011100010
0000101001101110110111111101111101110011111011111001010111010111
1011000010001010011101100001111101101010001111010010111001110110
0110011101011101101100100101010000000011100000101110110010010011
0110100111110011111010000101101100001010010011010000100101011011
0000101010111111010100010011010000001110000001101111111110100010
0110001011110001000101101010100101011001000111111110110110011010
0111100000101100001010111010100011000101011100110010101110100010
0111010011000010000010010101101111010101110110110101001000101011
1111110110011000000011110101011000011011010101001101010000010001
0011001010101011101011001101010011001110100110011100000011000011
0100000100110101100011111011000101100110110101000110011000000011
1010001111000001000000001010100110010011101100111110111001000100
1000010110000111111001101011001010110000110001110000010111101001
1001101000101100011111111110110110100100110010111001101000000001
1100110010101101011100011100011010001101101101001101011100000010
1100110001101000011001100000101101111000001001011011111010010000
1001001010110101110010101001010111110001110011111100110010000110
0011100111111101011100111001011001101010111000010100001100010111
0101101111100110111111110100101110101001011111110100000100101111
0001000100000011001011101000111010001000100100011100000000111110
1101000001000100111011001000110010100010011101110011000000100110
1110010100101111011110010011000110111110001110100000011110100111
1110011000000100101101100101001011011100011011001001001010000110
1001101101100100011011111000010011110111001011100011011010111001
0100001000011000011111000110110110011111011110100101010101100011
0111100101110111010001101001101001011011001011111111011100011000
0001000010000110110001001001100000100111011001101100001001001100
0111110001001000001100000011011011110000010000101100110011000101
0000111011000010111110110101010000010000101011011110100111000010
0110011010001001000101010011101110011101100000101110101011101010
1111000100011110110100100111110000110010001100100100111101000010
1100110010001101110110001101110100110100000000010111110100011011
1001100010110110111001101111101000010101001100011100000110011110
0101000110101001001111111101111011110011010011101100110011101010
0101000101011111000101000000001001111101101101010101101011111010
1111010001010111100000001100101000111111100000000011101011110111
0001111110000111101110010100000000110001101101111010010110001110
0011000111001011001000001111111010101011011001110001000110000011
0101010010111110100100000000111111001111001111111010110101011001
0100010101111111010100000111000110011111010100001001101011101011
1101110111001001111010100001110111000111000011001110101111101010
1010010100101001111111101010100111001110010110110110000110110010
0101000100000110110100110000110010001001001101101100110100100100
1110010100100011000000100110101000111111011011100110100000111111
1001001001010101111100000011000100101000010001110000011001011101
1111100101101011100001001100111110010100110001011111010100111111
1000101001000111111010000101111011100010110100110100100100001011
0000100100101010010000000101010010010011110011110000101101100110
0000111000111001001111111010010111101111101001101001010010010010
1010001000000010101011011100111000001001011100011001101010111110
1101110111111110011001101000000011001111001101101011111001000010
1111111110010101001111000000010011100001110100010000101011100110
0110010010010001100100001001001111000010001000011010111111111011
0000001100111011101100011010100011100101101011011100011000110001
0111111110010101101011101001011100000110111101011011111010100110
0101100011000010110100011101001101110000001111000110101001010000
1100001011101101100000101110001011111010000101100110000011011000
1110100111000101100110010011010001100111101110110111010101110101
0011010111100111000001000010000011000110111111111000101101100011
0011001110010011000110100010110111010011011001111100001000111111
1001100111100110110101101101100011011101110101000010001011011010
0000000010100110001011000111011100101001010011001100001100111100
0111100011100000111101101110000111000011011001001000000011011111
1100001101001111101101101000011000000110110011010101100101110100
0010010011101110011100010110110101101111101110001000010110011001
1001101100111011011000001110001100111011001001111000000010011010
0001111110100001010001000011100101011111011001110110010101010111
1111001010011011010100001111000010011111000001111001010011001011
0010110101010101000001010110001010101110110110101111010111010111
0010100010000110001010010011001111010011111110101000101101110000
1011001100010111101000101011000110101100101010101011011001000010
1110111110101001100011101011011010010111100010011011010110000010
0101110010100011110010111110000011100000100011001010010101001111
1010011110110010111100000110110001000110010011110011001101000000
1101011001110100010111100111001111001011101000011010011011100110
0011110000001101001001101101101100110111111010101100111011001010
0110110100110001000010001110101000110010110001101111111100010101
0111100010001010110111001000011000010100001101101001010011010001
0000101101110101000010101101010001101010000000001010110111001001
1100101000011010100101001010011011100100011100011101010011110011
1000001001001110000011011110101000011111010111011110110111011101
0011100011101100100111110011101111111001001011100100101101100101
0111111101111000010100001000001000101010111101010101100000100010
1100101010001111010001000010011111101100000011111010011111000011
0011100101001101010011011000000010100011101011101001011110000111
0011010100001000100101000100001100111111110110100110100011001111
1001010101000001000111001010011000111100110111111100011110101011
1101000110110101110001010110001001111001000111101011111111001111
1011111011011100001010011001000001100001111000010001011000001100
1100100100001100101010000111100010011000110111101010110100001001
1101000000101101111101100100011000011001010110111010101100101010
1011001101111110100000010101011011010100001011001101100101111011
0011010010100101011001011000101010110010011101010001010110100000
0001110100011000110000001100111000101110000010111011000100000000
1100010110100010100011011101001111000010000100111011001010011111
1111110111101000111111101101110110000000111100000000000011000011
0100110000101000111011111001001100011110000111010011101101000111
0110011101001000000111100101111101101111001101101101100110111000
1000010111110101010100101111110001010010110110101110010110101110
1001010101001010000011001001110101101010100100110110100100000001
1111100100001101111000101001001011001011001111011110011001101000
0111101100110100100100011110000111100110100100011111110000111100
1000100110000100011101000100001110000100011000100100111111000000
1010010101000000101101001101101101000100100011100111001110011010
0110010101101010101101011011010111000101110100011010101000100000
0111010010010011101110110001011011101100111010100010100001100000
0101001110001101010101101000001000110010100001110010111110110010
0001101011011000111101101110110111100100100110000101100110110110
1111100011001000100111100001100011000100000010001100111111000000
1011010010001000100001100000110011111101110110000010000110101101
0111001100100110110010111100111001110111001111100011001100010001
1101101111000110100100110110100110110010010100000001001110000000
0100110001001010101000101001110010101010011010100001000001000110
1100110001010001010001100000001110001000000011001111110000001001
