0011001001000100000011001101010010101010001111011001001111101011
0011001100110010000100011111110100101111110010000101000000111110
1000110011101101110000000111010100101101110101110111110010101011
1100101110111101000100000110110010000100111001010011010101001110
1001101101000101000101010000001111011000010000001011111111001100
1111000100011111110001101000111011101000010110011000100001100001
0001111100011110011001001011111110111111100000111010110101111101
0101111000110000111011100111001101000100010010100011011001010100
1000101010101111100101110110101110011001000100110110101111101111
1101011011111111011001001111001111010010010011001011100110101110
1111100010110111100011101000011010001100111011100100100000101000
1110000011011111111010100010111010011111011111100100010011010101
0100010000111110011001000001101001000111100010001010110100010000
0101010101101011100000010111101101010110110110110010000000010100
0000101110000110010111111110110110010101110000000000101100111010
0101101101110011010111010000001000101101101101001001011000110100
1010101001010101011000100010010100010110000001110010110101110101
0010111010000111010011011101110111101010111000111111000111010011
0100010110010000111101101100110011110110010011100110011001111010
0011110001110111110100000101010001010000111101110000000000111011
0001110110001010100100100011001011111111100110001001010100011001
0100011000111010111001010011000011100100101000010100110111010011
1101100101011010000011110001111100111101111011000000111100100111
1100111100100101101000000010100111110000101101011101011010101010
1001100011010011001101011111100000001011011100011000101000000111
1100110100001001101001110101101101010010001000010001110010111001
1010110101110110100101111001000111001101111100101011110001010000
1111011001010111101110011010001010000100110111111001100101100011
1111111011110100101111101011011001010101001000101110100100011011
1000011100011011001001001010010101110100000000010001010001000011
0010000111001101011001000101100110110000111000111100101101111100
0100011000100010010100100000010110101011101010110001110101000111
1111101101110000011000000001100001011011110111000000100111100001
0000110111110110110001110001101000011010000111111000101111000101
0010000111011110100000000011110011101010110010001100110010110010
0110101101010000110111001000010100011111110001011100101100001011
1100011000101100011011100011100100001001010110110001110100111101
0010100011000111001001111000010010101011010111110001000111111001
1011110101100011001000000011010010101100001010001011111100000100
1000010011000000100000001010100111010000000000101111001101100111
0100010001111100100010011110000001011101101010111000101011110101
0111111000110111010010000001011010011100010011100000001001001000
0111001011010011101010000001111010000110100010010111111100000111
1010010100110010001110000101000010101000111011110110101000111110
0100110010111111011011111100101000010100100000110110011100011001
0100101000001101010010100100100100011011100011000100101111100000
0111111000011011001000100010010000001010010011101000110000111010
0101101100110101101110011010110101001100001010110111101011000101
0110011101001110110111111001000011001110001001111110000011010001
1010110011011001111101100100101011110100011111100001101000100110
0101000101110101110000110010001010101010001100100111001011011000
0110110110111001100011001011001101100100100000010010011011001010
1010001100000110001111010110010101000111101000111011000100010110
1011001111101111011011111000111100110001100100010010001011011001
0110100111111010100110101011000100110001100001111110100001011110
0010010010000110001111000010101110100000011000011111011100110100
0001011010110100000000000010101000010001101000101001101010111001
0101110110111010000110011000000111101111110111011010110100101101
0111001100110100011111111110101000110100000100110001011101001001
1100111001000111111111001010110010010011111101111100111111100100
1101101011100100101011011001110011010101000111111011100010000110
0010100100010010111011101101001111001011010101110000001101001001
0100001000101110100001100110101010111111110111101100110010110101
0010101001001001001100011100011000010010010110000100101110111110
0100001010101001101010100111000100000011101111110001010101101100
1100001100011101101011100101000001010100110110111011001011010110
1000100000011001000011111110110110101110110110111110111010001111
0011000110010111011110001010111111000001100000100011100000000011
0011110010101001011111110101101101010100010011011101011001100100
1011011011011010101101110100111110111001110010010110010101011000
1111000100101001000100001011001100111100100010011011010100111101
1011111010110011110110100111100000000000001111110111010011001100
1010000011111100100011011111000010001011010101100000101001000011
1000000000100101001010011111010001101100110011010010110111011101
0010011010100000001100100111011110100001110110011100011000101011
1000001001000100001111101011110011101010110111100100010001110010
0011110101111011000000101111111010011100001100011010101010110011
1001010111001111100110101111010011000111110100010100001110110011
1010000000100101101010110010000010000111110011100010111101100000
1111100000001001100000000010100101001010000110100000100001011100
0001011000111000100001101000100011111100000101010110100110100011
0011010101111000000000100100111101100110101001101000101001110001
1000001111111010110000100110010100101101101110101101101100110101
0100011101010011110010101000001011100111001110100011111000011001
1110001110111010010000101100011010111110000011111011001111001001
1110011000011011110101011001110111000000111101111001111001100011
1000010011110100011100010110111101110000001110101100011010011000
0000110110101011110001111100101011101110001001100101101100101001
1101010101111000100001101101100000100010100000010000011001011001
1111010010000101110000001011111011011101010110111110010011110101
1100101001010001100100010111001110101001001100011110100011101111
1101101110010111010100011000000111111100100110111000000110011001
1000110100010011110101000110101011110100110000010111100010100010
0000110010000001100100010110001101001100110111111000001100000100
0110110010110000010001001101000100111110100111101001110111001100
0011111010010110000100011111010010111111110000101111101001011011
0110000110111001011011011001100001010111000001011001011011011111
0101001101110110100010110011010011111010001111110110001011010110
0000100011010101111110001001111000011000011001001011000010001110
0110101110011111111001110110011001010100100001110000001011111101
0101001100000100101000101111100101110000101111100000110100101011
1001110001111001100110110111111010111001110010001010001010110101
1000111101001000000011100101100101100000100010101010010010001110
0100010110101011010001100011111001011111110000001110100101110101
0110001110100000111111011011101001010101000011100001110111001100
1111101011001111000010011001100111010011101010011110011011100001
1001101001010101100111010001101100010100001110000010010000110110
0000110001000001001100100100011010101001000000111000011000011101
0001001100111000111001001011011100000101011010111001110000101111
1010111101000101011000100011101011001110011111110110011100001001
1000011100100100010100111010011001100100000111101000010111111110
1000000111110010011001011111000010001001000111110001011010100011
0110110010000001110011110001101000111111100011111111110101001000
0111011110111001111010010011100101100101111011011111001010110010
1010011111101110110100010100100111100011110001010110101100010001
1110101001010010101111100000111001100010001111101010110101001000
1111001010010110001000000001110010111001010000101001010100011011
0000010101011111010111010101100011001011000000110101111100101001
1111000011111111011111001101000010100001111100111000000011100101
1101010100000010111010011101100000100011101001011101100110010111
0000101101000100110010110101000000100001011011101100100000111010
1011110001111111100110000110101010011010011011001111100111011011
1010011111110110110111010011101001000010011110010100010010011001
1001011100110011000101011001100010110101100110000011110001111001
1001001101101111000110100110010011110010110000001111100101111101
0100110011111101100100110101101010011101100110011100000101111100
0101110111000010011111010100100100100000011000110011010100101110
0010000001110000100110010011000010011110000010000111001001101001
1110000011011110010001110100010101100001001100001000011110100111
0001101100111100111110001001101000100111011100000111111000110101
1100110010011010101011110100101010000000001011000101010000001001
0100010100001000101001010100010100111111111001111011000100011101
1011111110000101001010011001100001011001011110100010101000110010
0111001100001001001111100001010100111011010101011111000010110000
0100001111000110000011000010101111011110011110001111000001010110
1001001111011010011101010001110111001001001001010010000010100011
0101111110111001101001001100010010001101110100101000010010101010
1110110010011110011111110001010010111101000111010001001101011001
0111000110001011110110111100100001111101111110011111010111111110
0111110101100001001110011100001010100010101100011010011001001110
1010100111111001100110110101001010000111010110010010100001000111
0000100010001101110010110101110011101011001000000001010000010101
1010110011100001001011101010100101110011110011101001110010101000
0110101111000100001100000011100101011100101000001111100011000101
1100111011011111001100011001111001101000101110001001011001110110
0001001011001011100010010000101010111010100101001011000001100010
0010110001111000110100001100000010110111001100111000001101110101
1110011110000100000010111001000000011011110011001101011110100000
0001111000010010010100011011011011111000000111110001011110101101
1011011001001000000110101111001001111111010111110011110100001100
0101101101100000011100011110100110111101101101010001000100100000
0111101100101000101010111110010100001010101111101000000001010110
0100100111110100100000100001010111001101001000110000110100101101
1000010110101011000010011110001001000111010001110011011100111101
0000000110101100000110101011011110110110010000001101000100101001
0010011010101100000100001100101010010010111010110101111100111000
1010011110000100011000011001001010110111100100010101110011000100
0110001010010110001111001111101000100010110001110101000010011000
1010000011000101110000111111010011000101000100110101110101111101
0111010000100101110010000000010011001110111000101000101010010111
1001001010100011110101101000110011011001110001000101000001010011
1000011000001111001001011101011001110000011011000000111101100000
0101100101001111011000100110000011101001010010101000001100000111
0011111110111001001101001011011010100010001111001001100110101111
0101011000101100100111101110110100001010000111000111001010111010
1111010100011100100100000111011110110111011110000011110001001101
1100000111001010011001100000011110101110100101001010011011011111
1001011101010010000100110100110111001101001010100111110000100100
1110000110110101011101000111101001010110010101111100000010001100
0001011011000011100110000000110010001000010101001011111101101010
0110010001110110000110010111010100100000100110001100110000111110
0100011101111001011000011100010001110000011111110101111001000100
1011010000000110101111011001011110101011011011101111001101000010
0000010001011101100011110001010010100100110000111111111110111100
1001010111001110000110111001010001111110000101100000000100010100
1011000000111000100110101010100110110100010011101110011100010011
1101010010001101101101101101101000111011001110101011011111011111
1011001010100100110101110000111110101100101101000100000111011010
1001101010000110111110111111000000011000011110000011110110000001
1100001000110101100010111011010100110110001011010111111001110000
1010110011100010110101110100110101110001100010011101101110101100
1101100011110011110011011101001101000011100100110000111010010001
0000001101110101001100110010111001110011110001110110011010011011
1110101001100011010100001100011010001101101111111000011000100111
0010100011110010100110100010001100100000101101110111111001000110
1111101011010110110101111010100100001100000011000100001010101000
0100110101111000011100000000001110100100110011000111101000001010
0000001110010011110101001001101001100011110111011110110000011001
1011110001110010100010110100101010011110100010010101010010001010
1111011110101111100110010000001010010100101011001100110100011010
0000001010011101100100010011101010101010011111100010101110111001
1100100101001111011001111101000000001101110100110101110100101111
1010000001101110011010010011110010110111010000100100110010001011
1100000111111101001111100110000111110110000011101110100110110011
1010001100100010010101010111100101100001010011011101011100111111
1001011000011011000001101110101110100011000001111100100001010001
1010010111010001000101100010011000001001011000110010010010010101
0000111011101110001000001001101011010101010001110110001100011101
1001011111110011101111000101100000100001011000101101101111110101
1010010111110011110101111000111111011010101000011011000111010111
0100011111011111110110010000010111000001001010001100100100010000
1001001101100001101010101001001001101011001100010001100001100100
0011010011001000100010111101011110011000000111100111000000110110
1110000100111011000111110010011011100011010010111110010111101001
1101000110011010111110000110101000001101011100011101111000111010
1111000000010111110110000101111000110100110111111110111001111111
1100101010110011010111010010100111110110110100011010110110001001
1101000100110001101101001000010101000110011110011001001110100011
0000000000000000000000000000000000000000000000000000000000000000
0000000000000000000000000000000000000000000000000000000000000000
0000000000000000000000000000000000000000000000000000000000000000
0000000000000000000000000000000000000000000000000000000000000000
0000000000000000000000000000000000000000000000000000000000000000
0000000000000000000000000000000000000000000000000000000000000000
0000000000000000000000000000000000000000000000000000000000000000
0000000000000000000000000000000000000000000000000000000000000000
0000000000000000000000000000000000000000000000000000000000000000
0000000000000000000000000000000000000000000000000000000000000000
0000000000000000000000000000000000000000000000000000000000000000
0000000000000000000000000000000000000000000000000000000000000000
0000000000000000000000000000000000000000000000000000000000000000
0000000000000000000000000000000000000000000000000000000000000000
0000000000000000000000000000000000000000000000000000000000000000
0000000000000000000000000000000000000000000000000000000000000000
0000000000000000000000000000000000000000000000000000000000000000
0000000000000000000000000000000000000000000000000000000000000000
0000000000000000000000000000000000000000000000000000000000000000
0000000000000000000000000000000000000000000000000000000000000000
0000000000000000000000000000000000000000000000000000000000000000
0000000000000000000000000000000000000000000000000000000000000000
0000000000000000000000000000000000000000000000000000000000000000
0000000000000000000000000000000000000000000000000000000000000000
0000000000000000000000000000000000000000000000000000000000000000
0000000000000000000000000000000000000000000000000000000000000000
0000000000000000000000000000000000000000000000000000000000000000
0000000000000000000000000000000000000000000000000000000000000000
0000000000000000000000000000000000000000000000000000000000000000
0000000000000000000000000000000000000000000000000000000000000000
0000000000000000000000000000000000000000000000000000000000000000
0000000000000000000000000000000000000000000000000000000000000000
0000000000000000000000000000000000000000000000000000000000000000
0000000000000000000000000000000000000000000000000000000000000000
0000000000000000000000000000000000000000000000000000000000000000
0000000000000000000000000000000000000000000000000000000000000000
0000000000000000000000000000000000000000000000000000000000000000
0000000000000000000000000000000000000000000000000000000000000000
0000000000000000000000000000000000000000000000000000000000000000
0000000000000000000000000000000000000000000000000000000000000000
0000000000000000000000000000000000000000000000000000000000000000
0000000000000000000000000000000000000000000000000000000000000000
0000000000000000000000000000000000000000000000000000000000000000
0000000000000000000000000000000000000000000000000000000000000000
0000000000000000000000000000000000000000000000000000000000000000
0000000000000000000000000000000000000000000000000000000000000000
0000000000000000000000000000000000000000000000000000000000000000
0000000000000000000000000000000000000000000000000000000000000000
