0101000011110111110010000100001011011011001000000001100001011100
1110011101000011001011111110101010001000001100000101000000000110
0010101000000001100011011001101000000001101010111111111100011101
0100010001010101000010000001010000111011000010001110100100001010
0100111111110101111100001010010100011001110001111101001100111111
1101001001011101000001100101101001110010011001000101010001111000
0000011111101000110111110011010010110110101011011001011000001011
0010001001011100111011110001111100101010000110100011100111010100
1110111110011000100101011010010101011000001101010000000000010001
0010110100101100110011011011101111001011000001010000101010001000
0101111000100100111011111011111011011010011001011000011000101101
0110100101110110011101100110110011011001000101011000010111000111
0000111001100000000110010000111111010010000101010010010100111100
1011110100110101000011011001110000101111001001100111100101110101
1010101101001000000100000110111010000111100010111110101010101101
1110010001011001101010110011101000111001111110000110011001011111
1000001110000011111011000100100010010101000101111011010101110001
1110110010000000010111001010000000111100111001001100010100011000
1110001000101110000001100110110010001110111100111000110001110010
1110001010011101000101111100011100011110010111111010100111011110
1111010011110000001000001001100010110001101011111011111111111100
1101100011011101001011000010000101001011110010110011101110010110
1101110001000001010100000010111000000101001011011000010010010100
1010111110011010110101100010010010101001010000010110101000000101
0011011011010110100100111010110000111111001000001010101100111001
1010001111001110110100000101000100111101100101011100011101001100
0110101000100101011000101101111001000101100011111100110110100101
0100001000011110011101001001101100101000111011010101101010001110
0010110101010000011001010000001111100111110011101100110111111101
1000101101011011101011111010101110010001011000001011101001100000
0010100010010100010101110010110011011000000100100011011000010000
1100100111111110101001100011001001011110000111011101001110100111
0001101101000100111101110110010000000001000011111000011001100111
0100001001010100110110111111101111110011001000100010110101111010
1010110011011010101001010111000100010111011110010110111110011110
0001000010100010110110100011000100101001011001100011001111111001
0110001011010001100011101000111110101110101101001111010010010010
0001011101001101101100010010011100110111001101110100100010100101
0101100010011001111000110011010111001111000110010000011000101111
0011010000110110000000000001010000011111011001000100001110010100
1001101010001000100011100001000011011011101011111010010011110111
1010100001111100111110100001010111101000001110010111110110111111
0110101111001110000010101010100000001010011111110001110111011010
0000111000000001011111101110111010000011110011110100100001010001
0011110111000011101110000101000001000011000101001011110111110011
0010111110011001111100000100010010101111010010100011001100111010
0011101100001011001101010011000110001101010110101011010011011011
1111111001111111111011011011000000001011000111111100011110100001
1000110100101111011011101101100111101010010110010000000000001001
0000010001111101101100001001001001101100110101010000110010110010
1101110010001000001011111000111010110101000101001000101111000001
1000111100110100010101010000101001110100011010101000000101001010
1101000100010010001100110100010111101111010111010110010011100001
1110100001001001010110101101011001100001110001101101000100011100
1011111000101010000100101001011101010101000110011010101101101111
0011100110100001111100100000000101110111111010000011101110010110
1011001110111010011111100100011011110100010110101111101110010011
0000010000110011011000101101010110001000111001101101000110111100
1011010000101110101100001100111010110101110100100110000101110110
0101011011010110000101110001100101101101010010110100011111000001
0000100000000010110001100100001010111100001011000001011000110001
0101011111010111001111011000001000110111010100100111100110010011
1000101101101101111101101011010001000110101011110011011011111011
0000001101111110010000011001110100001001010010111000000101001110
1011001100110101010001100100001100011000101111001100100011100101
0101000100000110011111011001001111101001000010110101111101111101
0000110100001110111000000010100100010100010111110011001100001110
0111001011111001010101111111101011010111001110101100001110011110
1100100101000100110100111000101101000011011111100111000011001011
0100101000100110001100011110011110011000101011010001101101000100
1100110000100101111010000010010011010000100000110100110010000001
0111110010110000010001110001101111110011011010110110001000011000
1110110111001010001100101000001011111000001100100010001101111010
0100011010010101000011110010011001010011001100000011100001011111
1000111110111010000110011100101110000110111000000110011111011000
1001010011111010101110001101000101100101101111011000010011010001
1000110010010111111101100110001100011111000111101011111100111001
1011101111010101101101100110001000101101011100010101110110011010
0111010110100011100100100001111101000011101100101111001010110111
0101110111110000011011111010110101111001001110000110110001111101
1000100000000000001000001001011001011100111100100000110110010111
1111000011010000111011000000000000111000001111001101100101111001
1001010100001000010000110000000001101111011000111001100011001101
0101001100111000111010010000110001010011111111000001000101001001
0100010110100001110110001100011101101110100100101100100001010101
0001100011001101001110011010101011010000000011101010011100011010
1100000011000000011001111000001000011111100110011110111111000001
1011111100101011000111110100100101000001111000101010001000011100
0010111110011010110111000111011111001110101111011110000110000000
1100100110011101001111111000010110000000001100011110011111001011
1110001011011010010100110011001011110110110110101010111100011111
1000100111100100011011010011001010010100011110011100000011001001
1010101110110000101100100010000000110101001100111011111110001101
1001010100000110100010111101001011101010011110000000010100011000
1010000111110110110001101000111011011110100100011101100111110010
0011110001101110011100101111100001010011000011101101000111001001
0110001110110011011111010001100110001001001000101101111100111010
0010011010001111110000111011101111110100101011001110001000011000
1111110000100011111111110001111101110100101010110110001010000110
1111001011101010100000101000100010100000101100110001001010000110
0010110000011000111010101010001101000101101110010001000010011110
1100011010001101100010010111111101010011011101010111010101101011
1100010111000011110111011011011110001010000101001101100101110111
0001010101001000100100011000000010111101100101000100111110000111
1001101011010101101000100101111100000110100010100101111000100111
1101110010100010110010000011001001101100111011001110111001100101
1111000000101000111110011111100010000101001111011011111010001011
1000101010100000000010001001010011011001111010111001100111100110
1001101101101000110001110011001101010001100110011010011010010111
0001101101110101101000011001110001111101101101011110001001111100
1000111001000011101001001110110111001110110100111000110100111001
0000010111001111100110110110010011100001001101111000101101000010
0000111000010111010111100111000010011111111100100111000000001100
0111111111010111111100010110111010110100000100000111010001101101
1001110001011000010100111111111010010110110100101001111101110100
1101110110000010000111010000001111101110011010000100001101100101
1101111000011101000110101000000011110000001110111100011000110001
1010111010000101111110111111000011001111011000100100100000000000
0101001011110101010011010111111100001100100000001101111100100000
0001101010111001101011101000000000010010101101100001101010110010
1000110110000101000011001010001010000110011001100000011111100011
1010010000010100111100011010000001100110110000110110101111001001
0111101001101011010000111111101011101010100010011010111100110010
1101110001000111000111101011010001000000010110000010000000100010
1010011101000011010111101010011100010011010001101001011110101101
0111010001110100111000110000010011110000001111000100000000101100
1110101101110011110110011100100011011011010111010101011101010001
1101110000000100011111101001100010001010100011011101001010001011
0000101101000001110000100111001000001001011000101100011100110110
1000110111111111010010111001000111101000100011111110011000010001
1100101101111001110110101110111001111010111101010010110100101011
0001110001010101111010110111011000110100011011100010000000011001
1011011011101010000111010010011010110110101000111001111000110001
1001111001101000001001101000111110101011001010100000101011101011
0000011000101000101111110011100110000001101111010001100100010000
1111101001110100010011100011101111100011010001010001010001110000
1001100101010000100111011011111111100101101010101111110010111111
0111101010100010001110111101011100000000000110111010001101100000
1011011101001000110000000111100000110100010000010001011110001001
1101010011110100010001010100010001100101111011111110011101111100
0000000101000100001111000010011000110000000100110110011100011110
1111110111001011001001111110111010110110110111010101000101010111
1000110110101011010101000110001111010001010000010100100001110101
0101111111001110111001111101011001101011011100100001101100010001
1111000100111111010110000111000000001011111000111110101001000110
1001010101001101010000001100011001111000011011000000101111000100
0111110000000101100010010110000100110010101110100010000011001011
0000011011000110011100101010010110110101011001100011111110011101
1001000010001100111011000110011101111100110101111011110001000011
1011101001101111000001110011000100101000101001000001010100010100
0101110110100010101011111111111010111001101011000101110110100001
1011011000101110111101111010010100101010111101101111111001100101
0000010100010001110010100011110101010111000000111111111010101011
0010111001110110011111011000001101000011001001000111100111100111
0110000011101111100110111111011001110011011010001010101100100011
1001101111110100011100011010010110001111010010001011011001010101
0111001010101011111111100010100111000100010011011111110101110110
0000111111110111011001010101101010101111100001010101100000000000
0001010010000001011101001111111111001111110000000100111000111101
1110000101101011111000101000011100010101011111111011000111100000
0001000000010100000001100100010001101001010010110001000100100101
1000000010011100110101101011101000100011001100111000001110001010
0001100101011011010000010000011010110110100111011111010100111010
0111010110001110011011111001110110100000010110100011100010011100
1010010001001000111011101101010100100111000000110001010000000101
0101001101011101000110010011101000111010011000000001000101011010
1010111011000011111001110001111011000000100011101010010000010010
1000100010010001010100100010111111101010111111111001100011001001
1010111110001101101010111110110001111001001001110010101001000000
0110000010100100111001110010100101000001100110011000010001100111
0001101001000000111111100101000001100010110111010110011000011111
1001111011110001100110011001111011110111111100001100100101001101
1111100100000001111011000001110001110010100101010101101011101101
0000001001101110101101100101000100111000011110011110111110011100
0000100101010100000101000110000011101101011101010100011010000101
0011000111000000110101010010111000011001101101001110011100010000
1001000100001000011011000011001111000011000001000111001011111100
0011111011100011100001101100010111011110011011001111101000000010
1000000010011011000000100010100100110001100110010010110001111100
1100101101010100100110100000110100111101001000110110010010111001
1101101011001001100001111000111110010110100101010111011111000011
0110101111100000000010010000110110011110001111101010110101110100
0110010011010100011001010110011111010011100001011001101001001001
0011010010111001011110010111100100000110010011101010101010011100
1100100110100000101111000100100111000000101100100010111100111110
0110001011001001110010001010000111000000110000100010010100011101
1111111000110101011000110000111000011100000101010000001110011110
1101011010011101110111001101111011111000011100001110111101010001
1010010101000001011001000111111110001000111010101000110101100111
0100101001110111010000000000100000100110010111110101101001100100
0100010110011100110000100011011000011100100010101111110010111011
0011010001110010111111001111101111001010011101100101110001001111
1100100010001111101000001011011111110110011000101001111101011100
1011101011111010000010001100110011111100111001001110001111011110
1110110101000110011001111110100011010101110011010011111000110100
1001011000100111011110100001011011110101011011011110100100111000
1001101100100101111100100100001001100000010110100100111101100111
1101101010111100000101001100000010011100111001100101000010011000
0001111010111101110010000010011000010000111110010110010011111101
1011001001010000010101001101101100101110010001010101001110110001
0101110110000010100000101001001010001000010111010011111100111010
1000111101101010011000100000011101111001011001110110010101111100
1000111111100001011110011011100110001101110101100000110111110111
1000100011101011110110000000000001010011101111000010000111000101
1110111000000111001010110101011000100101100000111110110110000100
0101111011101011100010101000111101110101101111001000011001110000
1111010110011110110100010010011011111000001110001101111101111001
1010000001000101001100110001110010101100001111000000000100000100
1110000000111001001101110011011010011000001111010000000001100100
1000000011101000100011100001111011011110001000100000100010010010
1011000011011101010100100010110101001110001111110110111101111010
1010001110110100001001101010000010111110111000011010011011100100
0101101001000111101010010111110111100100100010110010011001100111
0001100111101011110011111011000011101000000011000110101110011100
0110000110110000111001000111001011111111100110101101111001100101
0111000011010011101100011011010111111000001010101001001101110000
0110011101000010110111011000100011011101001110110100010111001001
0000000100101110000011011000010111101011110000110010100011010000
0001100101101111100110101110111100010001100010110111111101001111
1111111011011010101101000100110011111011011001010111100110110001
0001110100001001100011101001010000110000111100101001111000000100
0110101011100000101000011010110000110010111101100111110001010001
0110100000101001110101111011100010001101110010011110111000011101
0101001000110100000111111110100010100011001000100000101110010101
1001101110010010000111101101101111000111110100000111100101100101
1001010101011100011011011101000011110101110101001110000110100100
0010011001011011111001101011100011100101000010110110100101010100
0101000010010001010000100001100101110110100100011101001001111101
0110100110000011000010001011000010011100111101010100111000010101
0101000010010110001011101001111011111011110000110010000101101101
1000000000001010011001011101100111010110011111101000110000011011
0011100001000001110110110110000001011000001001011011000110011010
1110100010111110000100111001000100011101000000001010100100001011
0110000011101110011100011000001101111111011111000011111111010101
1000001010100111101001000110110010010101100110111111110011111110
0100011111010101010110010001011000110001100101111101011111011011
1101101000010100100101001010101101010000111010011111111001011010
0010110010101100110100111101110010010001000000011100000001010001
1001001111000011000010001101100111110001000111111011001011100101
0011101010010101000011011010100001100101110001101000000111110110
1101100101000101011001110011111000010000100001101110111110001100
1011000010001000000000001111000101101100110101001100000101010111
0110000001110000110100000011010101000111101101000100100011001011
0100101101010110000000000010001110001100110010111010010011000110
0001011111001100011010100110010111011011100010000011110110010011
0010110000000111001011010010101110110100100111001010000010000010
0111110101011110111111010111001110110111111011110010010111000010
1010111101000110101101101111010010100110101110101100100101000000
1100100010000101100001100001111110101000001011100101000101000100
1001111011010011111011011001111000011111100010001110100111001101
1000010010100000011001011011110001001110010011000001010000101111
1011111110110010110001110010001101010100100011111101001110000110
1011010100101011110101010101110101001011110111100101100101101001
0101011111101010110000111111011010100101011010101110110101101010
1011011101101011010100101011010000101101110100011101111000110100
0000110011110000110100101110010001100000010100100101101010001010
