0100111010110011000100000100110101100101010100000111011011010001
0111011111110100110101110101111111101011000000111001110100011011
1110100001110011010010000010000100011010000000101100011011001110
0100010101100101101010110110111111110000000001101011001100010010
0001001111101100000010111001010100011111111101000000011111101011
0100111000001110101010100010011001100101100111110010000001110110
0110010011000011111111111100001111110001010011100111100001101110
1101100001000010001001101111001101001011000111111101101111011100
0101001000010110001001111011101001000000101000001010011100000111
1001000111110100001111010101101000111111110101100110001100011000
0011100110001101010101000010101111010001001110000011011010101100
1011000011010011000101100010000100111000011111000001101100011100
1010101010011110001011000011010001010111001101100010001010111100
0001010010110001111011000011101001110111000001101010001010000100
1110001011011000111000111000110101011111110101000011111001110000
1011111001011001000111011001000010100010100011011110001000001010
1100011111111110011000011010100000110100111111011011010101110011
1111000001110101101000011011100100001010110111010000011011011001
0100001011000110111001111000000101101000111001110001101110110110
0100010100110000100110101011111000111010110011010001010000110100
1110100010100001011110000101000100111001001111010101001100100101
0000110110111101111100111111001001000111001011101001001011011011
1010001011000011101001000101100010100110100101111000010011000110
1110010010010001111001101010110100100001010000001101110010000100
1111110011100100011010001110011011010110100101101110001000010100
0011110110011001011010001011011011011111111100101001000101011010
1011110010111110101000001011010011011001110100110100110101000011
0101101011011011111001110011011001111001010111010100010011011101
0001001010010000110011110101111000001100010110111010001101100111
0001001001001110110010001011000010010100101001100111101101110101
0101001101111100100110101101010110000101011010010100011100101111
0010010011111000100001111110101100000011111010010111100010010110
1100101111111010001001101101100001100010010001010010111111000111
0000111000101110011001111111101101010011001010001110010001111001
1011101100000010001001110100011010101001100111010001010000000001
1011001000000100111010111110100110011011010111010000011111000010
1001001001111100101100101110000110010011101000000011110001100111
1111000111110101001101000011011100011100101000011011100100111100
0111011000111010100111001100011111001010110000000101111000101100
0011101011010110100011110000011011111101000010100101000010010010
1001000000000101001110100110000110010000010110111110010100101101
0010000001000101111000110000011100100111001110010110101010111010
1011010101010000001010011110000001111000010010001011000001110101
1001100111100011000110101100100100110110011001010100111100101101
1101111100001011001110111101010101101111000101100100100110101101
0110010111010010110111101111010101010110000010100001011001100001
1100110001110000010101000100101011100110000000111100100010110010
0101101111011011000010001000011000110001101001111110001101000000
0000000101110100000011011010010101001001111010111101100110110010
0100011000101001011100110101110110011001001100100011011001110010
0110010000010001101100001011001011011001011111000111110100100110
0001111111000100001011101101011011011010110011110101011100000101
1110000100000111110100101110011100011010011101111001011100001000
1101110111000000001001100101110110111110101010000111000111011100
1101101110111011010011000000000000111101111101011110100001101010
0110110011100001100001000001011011011010111001111101000110111000
1000111011100011011111101110110111101110001110001110001011010111
0000001011111110111001000100101111000111011001000000001111001010
1110010111000100100110101011000011010110000111101001111010111110
1101010011001001111100010101011101111101011010111101011101110001
0001000011110111011110010001001001101010000110110101000100011011
1011001011001101010011001000001100000001011011101101011011100001
0101010111001001111100010101101001110011101010111001010111100000
0011000110000001111010000000110111011001111010011100111010000010
1110110111000111110011100100111100110100010001100111010101100000
1011110011010101101001111010011001101101001111110011110000011001
0110100000111001101001111000100101010000101101101100000101111111
0001010111100000110111011011110001110000010101111110000011010111
1000000100110010011111001110111001000111010001000010101000000001
0110110011111011010001101101101001011100101101100010100110010001
0100101100010110000011001000000110101000011001011100111011011000
1001101101001111010111111011110000011001001010101010111001110000
1010001111101000011001011010010110110110100011000110100001000100
1010100101101110000100011111000100011101110101001001111111100111
0011101101100000101010110110100010101110111110101110011100110000
1000111011110111010110111001010011001110000011110111000011001100
1011111110001110101111000000011011100000011110101101110111000100
1110001100100011100000100000100011100000001100100100011110110111
0011000110100100111001100001000010100100100000000101011101101011
0101100011110000111101111011001101011001110000011111100010000010
1001111111110001101001011110011101101001110001111100101110011011
0011100011100110001101101100101000111001000010111001010111100001
1000101000011111000111110110000100000001010110101111011000001000
0001110010011100001101010101010000111101011101000110011001000011
1001010110001100110101000110011000000110010000010100101000001000
0010111100101100011101001100010000111111110110011011111001000100
1001101100101011010011100011100111100111101001000000100011000101
0101011010111101101001111001110011000011010000010000001100011100
1011000100010100001110111001010101010101100010011101100111110001
1111010101101111101110111100000010001000111111010100110001010100
0000100111001011111110001010100110001010001111111010000011111110
1100111111000010011101001001110011110011011110101001111000100110
0001111111010011110110101101110100011011110011011110101101000001
1011101010001110101100011111001010100110100110000110111011011101
1101111000010111100110010111001011001100100100101011010110001100
1001101100101101000110101110101100010010111011010011101001100000
1001100111001001011100101100001000100001110000110001101100001001
0101000010000101111000010111000101101010010100111001111111100111
0100010011110001000110000000011010100110011100011011101101111100
0011100111100010000011110001000001111001000011000001110100000111
1010110001110110100100111100011100010000111010010100010011111110
0110011110000100101001011001010000101101110100100000010101110111
1001010001111010111001011100000110101000010101001000110000001101
0101010001110111101011101011010100010000111000101111000010101100
0010111111111100100001001101001001101111100000010000000010111110
0100001110000110000111010100000011110100011100100010100100110100
1111010011011111101011011000111110000111011000001111111111100100
1110000101011110111110110001000110110110010110010010111010110100
0001100101101100000000010110001100111010111000010100101001000111
0110101001111000000100010111010010111100110001011101111100000110
1101101111111111101100010010111101100000001110100001101000110000
0110001110111001001001001000100100010001010111001111001101100101
0001110001000101001011010110010111001001110100011110111101001111
0010001100001100100010111011001010100101101100100001010110010100
0100000010111011110101110001101001000110010001110011000010011000
1101011100101101011110111111100011010111011011110110100111101111
0110011010010011110101111000111101100101010110101111001100011001
0111011101000000100100010100100101101100001100110000011111010111
0101000001010110001101001000110011110010000010111111001111110101
1000011011110101100101001100101100111001101011011001111100010010
1111000101101000100000111100111000100110001001101011101000111100
1010000100001010001000001101111110110010000110001011000101011111
0001101001001110111111001101010101101100100001001110100011011001
0001010100101000010100111101010011001000001101001110000101110100
1110101100010101100000010110110011101111110001110111011111001011
1000000011111110000011000111111111010001111010011011100110000101
1000110101111101001100001110011100000010010111101101110011001100
0111101100100011010011100101100101010101001010101100000000100110
1000001011100101111100011000101110010000000011000010011111111000
1010001010100000000111101010111000010100000101000000000101011110
1110101011111110101110001100011010010000111010011000111101101100
0000110100100110101110101110110001001000010001111001000001011100
1010111111100011000100000101100001101101111010000111010101001100
1100010011111000011000001110100011110000001010001001000001100100
1110001001010100011110001011011010010011110101100011101001010011
0001000000010110101110011011010001011000111011100111010011010101
1010010001101101101111110110011001011011010110000010101001000100
0101001000101100010111101001010000001011101000110011111111010011
0110000111101101000110100111111111000100000100011011101010011101
1001110001010101111001000101011000010110100110000001100100101000
1110101010101110011011101111110100100110001110001101100101111100
0010010101101110100101110111101011011101100110011101010111100101
0110100001010010111100111111101001111000111011101010101011001100
0110101010110010101000100011111000000011000010000101000010001001
1101101011111111010100000010000001011000011010100111111110101111
0001000001111101010001111011000011110000001111110000100110011001
1110100100000011001000000011110101111111001100100011000000110100
1010011000100110001100011110101010011001000011110101110101011011
1000100111101001110110011010011100001111010100010001011111111110
0101100011100010001000111000100111011000011000110110000100000001
0101011001011011010111001100101001100011010001010110110000011100
0110111101100101011100101001011010011111001011001101001000101100
1011110000011111100000010001011001011100000101010111000001011001
1011110011111010001000011101100001010001010100010100001110100001
0111100001000111101111100110101010000101100000111110000101010000
0011111010110000000110010001001001010111010111110001100001100100
1100000100100101010111011001111101101100011010000010010011011001
1001000101101010010011100011101111101010000000001110111001001010
1000001101011001110001110000100010001011111010001101111100111100
0110000001111011011100000111001011100011001111101101101001100100
0000101001010101101110111000010000001101001001110011111101010101
0000000111000000101101101000000100100010000101101001000000100111
0000011111111011010111101110110110100111010110110110101010110101
1001000011101111100001110101100101110111111011101101101001010011
1011000110111010111101001111110011001110111010110011101011100110
1100000101010001101011100100100011110111100010111110001010000010
1101000100010110001101100110010010011111101011010011001001001001
0010011011010000010000101100010011001000000010001111110000111000
1100000110010011000110110000000011000010001100010010110111101010
0001101001000100000001110101101100110010010111111010011001100111
1010011111101101010101001000010000101111111011011010101000111111
0011010011001000011100011111011111100000111000000111101100100010
0011011101111000111010110010011101000011110100000011010010111101
0010011101001100011011101101011110011101000001010011000000011010
1110101110011001001111110100101100111111101000110000010101000000
0100001111110000000000111101100000011110010010101100000100010111
1110011110010000111010001001011100001101110100110001110101110110
0111000000100010100001010001111001111111110101110010101011100111
1010111011111001001001001111010110010101011100000101100010010000
1111011101110100010011010000100101010100011110011101111100101011
1101101101111101111010010000101011000101010101101101011001111110
1011001011101001101101110101110111110011010000111101111011111110
0101011010010101000010010110110111101000001000000010001001010101
0001111011010101111100100110011101000000110000100111010001011110
1110111110100101111111111000000010011001111001111111010100111011
0011000011001111010000110001101000111101100101101101001011100101
0001100101101001001101000000110101000001010101000100001000111111
0010000010101011101100010000110011000110100111011101111010110010
0010111100000011100101001110110000011101110100001110011001000101
0010100101010000110111111111000100001010110111011110001000111101
1000001010100010011100100110011010101001000100111010110111000101
0101000110110010101000100001100010100110000111101000001000110001
0011010011001111101100010110000101100000110011100011000001001101
0000000111001011111101111011100010000000010101111110100000010011
0011001110110110011110100110001101011010011000000100101111100011
1011000011111011110010000101111100010011010000001101110110010100
1011011001011001000111000100100101111001101011101111011010000001
1100001100000111000010011110001101010110010110100000111100100101
0110011101101111010110110011111101001101000011001101101000111111
0101110111111100010000000011000011010000001111010010100010111100
0110011010101100111100110011101001100001100000100101111001001111
0011000110000100100011001100010011110010010011101100011110100100
1101000111101010001110011101111010111111110011011010101111010100
0011010110000010101001111111000000100010101101101110101010100001
0100001010001011101111000000101010000001001000111100011011000111
1010001111110100011101011001100111001011110001001110011110101111
1000100010101101110011101011101111011110111100100101011101110001
0001110011101110111001100001001000010101001100101101000011011111
0000000000000000000000000000000000000000000000000000000000000000
0000000000000000000000000000000000000000000000000000000000000000
0000000000000000000000000000000000000000000000000000000000000000
0000000000000000000000000000000000000000000000000000000000000000
0000000000000000000000000000000000000000000000000000000000000000
0000000000000000000000000000000000000000000000000000000000000000
0000000000000000000000000000000000000000000000000000000000000000
0000000000000000000000000000000000000000000000000000000000000000
0000000000000000000000000000000000000000000000000000000000000000
0000000000000000000000000000000000000000000000000000000000000000
0000000000000000000000000000000000000000000000000000000000000000
0000000000000000000000000000000000000000000000000000000000000000
0000000000000000000000000000000000000000000000000000000000000000
0000000000000000000000000000000000000000000000000000000000000000
0000000000000000000000000000000000000000000000000000000000000000
0000000000000000000000000000000000000000000000000000000000000000
0000000000000000000000000000000000000000000000000000000000000000
0000000000000000000000000000000000000000000000000000000000000000
0000000000000000000000000000000000000000000000000000000000000000
0000000000000000000000000000000000000000000000000000000000000000
0000000000000000000000000000000000000000000000000000000000000000
0000000000000000000000000000000000000000000000000000000000000000
0000000000000000000000000000000000000000000000000000000000000000
0000000000000000000000000000000000000000000000000000000000000000
0000000000000000000000000000000000000000000000000000000000000000
0000000000000000000000000000000000000000000000000000000000000000
0000000000000000000000000000000000000000000000000000000000000000
0000000000000000000000000000000000000000000000000000000000000000
0000000000000000000000000000000000000000000000000000000000000000
0000000000000000000000000000000000000000000000000000000000000000
0000000000000000000000000000000000000000000000000000000000000000
0000000000000000000000000000000000000000000000000000000000000000
0000000000000000000000000000000000000000000000000000000000000000
0000000000000000000000000000000000000000000000000000000000000000
0000000000000000000000000000000000000000000000000000000000000000
0000000000000000000000000000000000000000000000000000000000000000
0000000000000000000000000000000000000000000000000000000000000000
0000000000000000000000000000000000000000000000000000000000000000
0000000000000000000000000000000000000000000000000000000000000000
0000000000000000000000000000000000000000000000000000000000000000
0000000000000000000000000000000000000000000000000000000000000000
0000000000000000000000000000000000000000000000000000000000000000
0000000000000000000000000000000000000000000000000000000000000000
0000000000000000000000000000000000000000000000000000000000000000
0000000000000000000000000000000000000000000000000000000000000000
0000000000000000000000000000000000000000000000000000000000000000
0000000000000000000000000000000000000000000000000000000000000000
0000000000000000000000000000000000000000000000000000000000000000
