1010000100010111101111001110110110011101011011110010010100110110
1110010001101000011101010110000010010111001110000101011111101111
1100111010011101010001010111010010100001011001101010010101010100
1101100110110110011011000001010101000001111101110101111101111000
0110010111101000001001001010100000000110010101110011100100111001
1010110101110011010000001000000110101100001110101010011101110011
1011000110001111000001100000110101111110000010110111101001111100
1110110110000100110111101011001010110001010110100100011011000101
1001010010001001110001111101110101001010011010100000100111111110
1100000101101101110110101101001100100100101010100110010100100101
1011000111000011110010100000111100010100011011100100101111011110
1111111011011100010110010001011001000100111101111011011011001101
1100011101010010010111011100001111010100101010101111100111110010
0101101001001110010101111010011000100101100010000001111001101100
0111011000001111111001010010101110111001010111000101001010010001
1000101111010001011110000111111110010000000100101001000100101011
0000111001111001111001011010000001111011001001000111010011110000
0001010111000111100110001111010110101011110101000000100010001001
0111101011011111100100001011001101010101110100100110101111001111
1010101101000111000000011000010000110111111010100100000100001000
0101111100111010101111110011111010101011100101111000111011000100
1100010100000011010111000001110001010110101101010000000010010101
1010101111111000011110100110111011000100001101000110101010010110
1011000011101000001101111111000010010010010111110010010011100011
0100110111001011101001000110000110000111110011110011111000011110
0100001101101110000001011011000001101111101100111100000110001100
0111100000010100110101100100110010011000000100001001000010110100
1001101001000101100111111010011100101101110100011001111110000001
0100110000101100011001011000101001110101101001011000110111101100
1000110001100101101100010010000100001101100100111001001010000010
1110110101011101010010101000110011111011001110010000011101111001
0010101110101001010001111101000010000011111111110000010110010001
1000110100100000100111010100111101010111111101010010101001101010
1101000010011000100000100000110000101110011110000101010000100011
1011110111000111111000110111100100001110010011110010000100110110
1001100001000000111101001011100111011100101011100001101000010110
1110101011010111011101100010111010111000011101001110111101010011
1111100000100101011001011001010000100000011111100000101111000100
0100111110010000110110010010101010001011100110011110011100010101
1001001100101001000001100100011100100010111010010100010000010001
1111110010001010110110111110001011111001100010011011001110010011
0000100111101101111111011001111011001000011101110000000101111100
0001001010101000111011001110100011101001011010110110110111000111
1111010100110010110111000010110101111101101000110111100100000101
0110000111100101011001001011110110000101010000110001001001001010
0010010000001110010100100101011110100111110111110001011101111000
0011001011011001011001000101111100101111111101100010010101010111
1100010010000101011101111101010101001101110100111101001110110010
0110101001001011001000010110001110111010010111101111101001011011
0000000111010100101001000110101010100100011100001011011100000000
1011110101100010100000010111010100011011000000010100101010000010
0011100101110111000111111010000100100010000001010001000001111111
0110001011110100010101101111010011110111011000011100111110011110
0101000011001110010111001010110010101111000100101010000101101000
1100100110101001001011011010000110110010100000001101110010100000
0100110111001011101011101101000010100101011101110111011000110001
0111000110011001111010110001111111001101000011010100100001110010
1111110111100101001100000110100000111000111001001001111010001111
0101111000000001110000010001011011111011000001111000011110101110
0001111011111111110011010101110100110101111011111011010000111000
1011001010010111000110011001101011110001000111111111100101111111
0010000001010001000100110101100001111000001010011001111100101100
1111101011100000001110000101010010111111101111000000010000001011
0010011010101111101110110010100110101100010111000100000110000111
0101011100011000100011111101010010000001011001000010110110001011
0100001110101000000000000111100110110110011111000010101110010001
1110101101011100111010100000011011000101011011000100010000011011
1001000011111010000101100110101111111010101000101010001111111101
1101110100111110100011010001100101100101001100000010001011010110
1101001101000000001000101100000001100110111100110011010111001100
1101101000100011010011011000011001001101011010011101001100001010
0101011101010011001010000001101100010111011100110110000111001011
0000101110110111000111100000110110000001100010011111010001100110
1000101101101110111011101010111101010100111100000110000101110110
1101101000111101110101000000000111101011100010011110101101111010
0100100000110100101100001001001010000110010011001011100101011100
1011110101000111001100001101000001111100011001100101110100110010
1001101100001010001010111011111100010000011100100111100110110110
1000010001001101110100100110100010010111011101110101100000000001
1001000101000010010110001011000000101000010101111100000001011100
1110000000000000110000011011111001111101001000111000000101111110
0011110111100100011111001000010101010010011100000000110100111110
1100001011011011010101000111110101010100010001010011100100100101
1101110111100111001001010011011010110110010001010101001101100110
1101110110001011010001110011111101001110001001001010100010010111
0001000110011101100110001101110111101001011000001110000000011011
1110111000110011100110011000010000011010000011101010100111011110
1000110111010010011100100111110110011110010010110000011100101001
1001001001101010001000001110000110111001001000100110100100110011
1111000011101111110010110111101011001011011110000000101010000110
1000000101000001100000110100101100011000111000010000011001010100
1001010000101111101101011111101110100110010001000011001111111000
1011011110100110011110000000011101101001111000000001100110011010
1100011010000001010111011101100010110100100001100001000100000010
1000010100011000011010110011001001101000011101100001010101000010
1101010000010011100000011101111101010010001011011100010111100010
1110111111110011000000010100010001111010011011001100010001010011
1100111001101010011110101100101010011110100010101011101110011111
1010111011101100100001111111011111101110101111101001101110111000
0001110010000100101011101101001010111110001100011101011011101000
1110101010010110101001110100011011111001000101011100110101101010
0110111111010100111110101111010111101110001001001011110101000100
1110111001110000111011011000011111011000101000110001111101110110
1111000111001011111000000011010100001011100110011000111010111101
1010010011000111011010011100000011010000100000100111010111001001
0001110111100000100101011100101111110110011111111011010101001001
1001001010001011100101001001110110000101011010101001011011010110
1100100101001110110000111111011000110000110000000011000101011010
1010000001101000111111110100000101101101010001100101101001011101
1011000101110110000010000010100011011001100111110110010100101011
1000000011011101110110100011111100010000110011001010011000110010
0001000010010001001010100010101101000010000110100111100101011111
1000010101100110010011010110001100001011000000110010010000000001
0011100010111010100110101011001011100101101000110000111011011000
0010000010111110100010000011101100111111111000011101101100111111
1010010101011001111101101000100001100000110001111100110100001111
0010011011110010011101011100011110000010011011101000011011100010
1111001110110000111111110110110011100000100101111110010000010100
1001011101000010010000010101011011110101101111110100100111110101
0111110010010101000001010101101101001111111011100001011111000111
1111110000110000011000100011100010110010110100110011110101111101
0010001100110110110001101100100010101000001010000001010010111011
0010111110111011001111111110010000001000110001101001000000111011
0010110011101010001101001100110001100001011000100001000110001011
1110001001111001000100011111101001001100011001111111000001010010
1100100010000100011000110101100111111111110011001100000110001111
1100011111010110110111101100110111011011101110010100110011100001
1011111011110010100111011110110010011010111000011000011100110011
0010100100110101000010001100100000100010010111101111110100110111
1101111000100011101011011101010110000111010100011010000101000011
1000100011011011101000000000110100110011011000101101111111111101
1010101101111111100100100000100010111110111010001101001000001011
0111000011000101001010111101000111110000000100111100101011110010
0010010001111111111000000001011000110111010110001111000101101000
0000111001100011100111101111101001011111000110010001110100011000
1000111001111101001110011011000011110100000100101001000011011011
0111111100111011000000000111001101101011001011101101010111000100
1111101001001001000000100111000110111000010011111110101011001101
1011010110011010011101001110010001110100101001111101000101110110
0011110100001111101101110100000101001101101111010100111101001110
1111011111100010110000011100011011100111110101001110011101000110
0101010000111001000000001111110010000011011000000010110000001000
1010110100011010001100100110110110010001101101111001011110100100
0000110100001011001000010110010010001000111001010000001000110011
0101101010000010101100010000101111101011111011100110000110010100
1100010110111110011110101010010010110000001100101100000011010111
1100111011111010110110100001001101000110011010010010111110101010
0011100110110001011100011001110111011111101110101011111010011011
1100011111000010001010110111111110111111101100010010011100100111
0001011111110011101110010000101101000110101101110011111000101101
0110000111101000011100010110011110011110100010001000010011100101
1100011111100100110100001010100010010100100110110100000110100100
0101011011001100111011001000001110000011001011010000111001010011
0001011110111110110100110000011000010110000110111000111001000101
0001111000101101110010111000000101111001100000111110110110101011
1100100100100100010111011010110011110111100111011011111101011000
1001011101111000011010010101011010100110110001101111010100011100
0011101110111110011111111000010100000000100100000100001101000111
1010011000011110100001011110010010000100010011110111111110000110
0100111101110010101011110100111100010001101000111011111111001101
1011011100011010100011110111111110010000010100101000101100110100
0100100010011010100010000110000000000110010100100100010101100110
0100101011110100010111111101111100111111111010100000001111110010
0110001011100110011100100110101001011011100000110001101110110001
0011001100001001000000101011111000100110000000101001111010011001
0010111101001010011111100010101100011111100000100011010111001101
0110011011001011100100010101100011101111011100001101101011001100
1000001110110110001011011111001111110000001110111001000100101001
1110011110111110111111010010011101101111110110010111101101101011
1100000100000001101111110101110111100110001011010111000100110000
0000000110010001100010110010011011000100101001100001001101011000
1110010111000110101001111000111101101001101010011101011000100100
0011101000011101100010110011001000010010000110101100001010011000
1101110101011111110111100111010000111100010111011001111011011110
1111010111001010101100100000011110101011101110000000110111001010
0110000100100001000011100011101001001010010110011001011110000100
0001001001101101001100110011000011110111011110110010010100010110
1100101101100110010110100110001001110010001011011110101010011101
0111010000011010110110011110001000100000101001000101011001110110
1101010001000110111110000001110011010010111000100011000001101011
0010000000100011100110111000010111001101011011101111101100010101
1110110101011001001010010101100011100111011010100111111001101100
0111001001100001100000111010111101001100100101111101000111110011
0100011101000100101110110101001000001010000101001001010001111001
0100011011011110001001011111100001011101010100110110100110000101
1010001010001000001010001111101110001100010000011111100000101111
0010000101011011101011101101101000110100001001011011011000110001
1101111000100111010011000100100000100100101101111100100111110111
1001000110110110100110000111000101001001111111110111010111111101
0100000111011100000011100000100100111110100101110000011001011001
1101001010111001110011000101001111001000101111000101101100001011
1011111110100110010100100001110001000010010101000110010100101111
0001101101010100110110101111010111100100010001010000010001010010
1101011011100101001111100100111010001101001001001100000110001101
0011011001010110100010101001000011000100111110110001011011011111
1111011001001111000000011010011110110000011101000111000111010101
0011100101110001111011111111100011000101000101010001111011011011
0001111001000010110010010010010010010001011011010111110100101111
0011111011011010100000001010110101111010110111100100110111001110
1010010110011000000010000110000111000000001111001101101011010000
0101011111010100010101100100010001011010001101010000001000111111
1011100011000110100011000111101101001100011100101111000111111110
1001011111011111110100011101111111001011001101110001110111100110
0100101011110010111101000000111111101101010111011011100000011100
0000000100101010010001111011010010000010101101111101111101100110
0111111110010100011000110000000111101011111000101101000111101100
1110010011011110010111001000110111011101000011000000001010100100
0111010001101001111000100100010000111011110100100001100011010000
1001000110110011011010001010110011111101001111110011110110001001
1111000000110000011100011100010010011101001001000011011110110100
0101101000001010011001011001001101001100001111110101010100000001
0010100101010000011000111100100101100011100111010011100010000100
0011110001011000111010010010101010010000000011011011001100111111
0010001001010110111110110100111010000011111000101000110100101000
0010000101000101100110010010110111100011101010010011111001010110
1111010001111111100101000110110000010111000100010111001100100100
1010010010111011001011110001100101111001000100100010000100110010
0000111001001000000001100010100010100110101101100000100011000110
1001111101010000100001010001000111001110100010011101110010011000
1000001010101110001110001001010100111110110100101101001100001110
0111111010010011101111011011010101001101110010011000110110111001
0111101011010010110001110100010110000100001110000001010001111110
1110011001111101110100010111000110111101101100000111100100101011
0001111010010110010011101101001011101001111000101011011110100100
1111001000110110000010011100010110111010101011100001101101010000
0010100000100111100001000111000011101101110101000010101010010011
0110001000110110100011100100010010110100000010010111111001110001
0011101010001111110111010101000100101110110001010010011101001000
1110001011011001000110111110000011111110101110111010111101010100
0110001110010000010001111101010101101001000011111110110010011110
0001010101110100111101010101010011101011010101101110011111000001
0101100100100000111100001011010100010001101001010010110110010111
0101100011101110110110110100000011001101010000000010100101011001
1011000000011010001101010010110010100110111010001110010000110111
0100011011001101110111000010000001011001110001100001110010010001
0110010100011101100110111101001110001111110001001010011110011101
0010010010101011111101100110101011000000110001000011000111111100
1000100111111111001010000000101111000010000110101000110011000010
1010001011011011100101110101001110100110010101101100101100111010
1001101100100010101000111101001001000010001101000101000100010110
1011100011111001111011110010001010010111010001001101100001111010
0011100010111101001010100011001101000001110100110100101010001000
1110111100100001110110000111110100001010110100011011000000101011
1001111100110100100100011010000011111100110100111100100010000100
1000010010001100000111011000001011101110011111010100001110110110
0111110010111101000010101011110110100110010001000101110010101100
0111110011110111100110010110001110000111000010001000001110010010
1001101111110101001111100100100000010011101111000000000100010101
1101010100100111101010111011110000111100010101010100010101010101
1100101001111100101101100101001001010011010110010000101000111000
1101000111110110001010100010000101111011110011110010111001111110
1001000001001111110111010000110111100110110110011001001010101101
0101111111001010010011110000110110110010100110100100000100000111
1010001010100000110011111011010101100110101011000110011010001100
0011000100011100010001111001011010111000101100011001011100101100
1000001001000001011110011000010101001101110001011010110001110001
