1110001000001101000000111011101011010010000010111100001010011010
1110100100110101011110010011110000001010001101001111110100001000
0111101011001011011101001110101110100101111101001110110100100100
1001000110100010100110010011110111101001010100110001010101000001
1101001110011111011111001111110111000010010100111001110110011100
1001110010000100010110111011110111110100000101111101000110000000
0101100111111001010110110101111001011110000000100100001111100100
0111110101100001010101100100111100100011000000101011001010000001
0101011010111101001100001011010101011100111110100011000000111111
1010100101111101111111111100001011111110011100010100101110011100
0100001001011010011111111011110010100101011100000111010001100010
1100001111010110100100010110110111011100110000000011101000000111
0010000000110010000000111101011011000001011100000101011100110110
0011011101011001001111110010101000001101010111011011010010010001
1001110011101100101010101100001010111000100110000011011000000010
0010111110111110001011100111110110100110010011100111000011010100
0010001111011111100111000111001001010101111010110111000011000010
1100010001010101101001110011111101100001111101100110100110111011
0011100000000000001110110000111010010001111111000110010000101001
1101011110111010011000100110100100100010111111010110011000100110
1000001011001001011101000110110111001101110011111110111010001110
0011001000011101111010000111110101101001000001011100010111111001
0001101111111101111010010101001111111100100101001011100001000111
1110000110010001100011001110110010111101100000001100110110011000
0001100001101110110011101000111111101100011100110001100011100110
1101011111000111001110000001110011100011011010001111101001111010
1110011110111111011001000011111110011000110001100111010011001011
1001000001101000000110111100101010000000000011101010101010110011
0100110111011101101101010100001110011101100011110010111010101011
0001000001011101010111010010001010000010001000000010111000001100
1100110000010101010001111110001111011010000100000110001010001111
1101100010101001010000001100111001111001100111111010010000110101
0001100001000001011110100110000101100010100000101110100101110100
1010001001011001001100110011000000001101001011010101001111101010
1011000110000101011111011101111100001001111101110110101001111001
0110111100100110000101111110000110101001000100011010110000001100
1000111101111101111100001000101000010101101001001111100000010000
1110100011001111100100011010000010011100101010101011001111001001
0110011110001001011001111001011010100000111111010111000010001000
0101110100110010111011110111011000000101011110101111001101000100
1101000100110000111000000111100010011110011100100010000101010111
1110010100000111101100010110001011000111000111101110001110110111
1111101010110100100001011010111000110111110001001100001001001010
1011110001101001001000010111011011101001011011001101111010011100
1111110010111010100011110110111111101001111110010010110110001101
0110110000001001100110001101001101000011010001010000110001101100
1110010111010000001110001110111000100010110010100011011000001111
0000000111000010101010011110101011111111101011010011111000111110
0111000000111000111100000001101010111010111011010011011010110010
1001110001110101010100111110101010100101000101000100000001100100
1000001100100011101101100001001101110111001010010100110000011101
1101111010001000000111000010010111011111111110100111101000101011
0001001010010010011101101110100010100010000100100100010101011100
0000000001010101100011011011100101110110110011000000111011001110
1111011110100011101001100111100010000001111001111111111110111100
1101010000000110101011100010111000010100010000101000100110001011
0111110100010000111101101111001001111110100100100011101110101100
0111000001111011100101110011110010000000111001000110010000101001
1100000001111101001111101100101100000011101011111110000010010100
1110111100010101100110100101001010000101010011100011101011111101
0011110011001000010111110000100110101010010111101000000101111001
0000110100010110000110101111101100100000011101100001001110100001
1011010011000010100101000111001101010011110001111000011101011100
1110000111010000000101011010010101110110100110000111110001111111
0110101110110001000010111100110011010111010010010010111100000011
0010100111010110011001101100000000100011110010101111100000101010
1101110001011000011110000110100101101011000000101101011100010101
0110000110101101000100110001001101101010001000101111000001110110
1010111011000011010101001101010100110111111100101101000011011100
0111011010111110000000101011011110111111111010110111001111110010
0001101011100101011100011010110011110010011000010100010010110111
0010101001001001001001101000101000010011101100011101111011100010
0001001011000010111001000101100101111110111101111100010100101010
1110001011100010101010001000110100101111011011001100000001111001
1011010000011010101011110001011111001010011111100110110110000001
1011000101001011011101110100001011011110100111110001101111100011
1110010101111010001110001101110110011111101000100010011001011101
1111100010101100110100001001101001001010101011011111011111100011
0001010111010001010010001011100010000100001111010110001010111110
0000110110100000001111110001101000100101101000101111001011000101
1101110111100111001110000010100010011111100001101010111111110110
0000100001000110100110001101101001010110111011100111110010010010
0110010000111100100101001111000010011010011011101100010010011101
1010001101001110101101010010100000011110010000100000101111001110
0110110111011001011111000001100011101010110110010000000010011110
1010000011110001111010111111111000000100100001111011100001101010
1000100010000000100011001000110000101110101011101110000101010000
0000011100100111100000100101111101101011111110111100010000110001
1100100100000000001001100100110011100001001000110110100110011011
0011101000100101100100000100001101110000010011101111011110111011
1100101111110010110100111110101101100110000101000010100110110101
0000100100001011011100100110001111011110011000001100001111110100
0101000010000000011010001000100100011000010011011110000110111000
0110101100110010011000111101001011000101001000001111011011101000
0101010101001110000111111000001000000111010111110110100101101010
0100101111001000000110111100111110001101101000111011101100101100
1000000001001101001111011000110001100110010100111110110001100001
0111111011101110001110000001100000001001110100111001000110101001
1000101010011101110111011010100101111110001101100111110011000100
0010000110001101101011101110101110011010000011001000101010010000
1111000011011000100001111010010110000100011100011110010000000111
0111000101010010100110111001011010110100110101010101111011110011
0010100001100101100101001111110100110101101111111010101011011000
0000000110111001111000011000101110000001010000100010101111111110
0110111011001010100110010110000100011101001011010111010110101010
1011010101101101001100110000000101010000100001110011010101110100
0110100110111010111001001110010011101010111011111000010101010110
0101010000111000101000000011011000010011000100000101000110011101
0111100001010011110010111011001101100111111001100001101011001100
0011000011101111101101111011101000111111000100100110010000101001
0111101100111101011001001001111001101010111100101011010100110011
1011100011100001110011011001101011100011101000000011000010101010
0001100110111111111011000110001100101101010101111101010111010001
0000011001100110011111111010010001101001111100111100100101110111
1001101010010001000010110001011000011101100000111010100010011001
0111000111100000111101111010011110000100111011000101101111000011
0101010111111000000110110001111110000110001101001000100001000000
1000010110101101100100100001001011010100001101010110010001111110
0011111111101001110101110001000111101000010001101110011101001010
0011011010001011000010110000111110111011111101101010000110001011
0100001001111000110110101001011001001110011101110000110110011000
1001111010110011111111010111010100111000000111001010111100011010
1011110110000000011110101111100000001010100000001110010111110101
0000100001001011001101110010011010010011110111001101001111110000
0111010001001010001111101001001010110010101110010101101001010011
1110100000011100111010100011010110100011101001111111111111110011
0001111011111010011111010100011011100001111011111010110101111110
0111010111011011011000101101001101011011001001110100010110010001
0011111000101001111010010101010001111111101011011001100110111011
0111101111110110101010011111001010101111001101000110110011001101
0010111011100010001100111100011011111111010100101010001000000110
0111010000101011100000111101111000010111101111001010110001001011
1001101000111100101000101000101100001110001110010010001111011011
0111111001111111011101000111100111111111000001111011001011001001
0011001000100001000001110000010000101110110000100110000010001101
1001011011010110010011111001000101111110100010001000000000110111
1110101000100111111001010010010000010111100110010011111011100001
0011010110001110000010010110111110101111000010011010100100011011
0111010110001100010100010011000110111000100001000101101011111100
0000001101111110110010111110011100000010101100100011010110011010
1000001111000000110101111000111101010010111011010110000001111000
1000011101001100011100110101101110010101100101001101011101010000
1010101111001100100110000000011001101000100101110001010110111110
1100000101011110000100100101010100011001101011001000100000100111
0111010100010010101000001111100101000110001101111011100011100110
1111110010010000010110011000100010010011000101111100101011001001
0111111100100011010010111010100000010000110001110100011101001001
1000000110110101110011000111000100001110000011010001101100011011
0111010011110110111101100011000101011110001010111100100011100100
1001011010011100110001111111100001100101100100011010110000101101
1001111010110011101010000101011000111110000111111010000100101111
1001010101010010111000011100010111010000101010010000001111111001
0101101110111000000011100110011100100110100111111000010000101000
1011010011000000101110011100010111010101111001100110111011000000
0001110000111001101000111110100111000110011011100001001111111101
0001111100000111011110001101100010000101111100010101010000000000
1110010100101000111000100101111000101110101000000111000101110000
1111010110001100101101010010100101110001100101100110010000100111
0111101110001000001010011010010011111110111000100111010001010101
1011101110010110110000111110011001110011010110111011001001011011
1001011011101001111011101011000000010011001100000110011100011101
0001101100010100001001010101111000010011101111010011010110001101
1000110010011110101010110101011011001100000111000100001101000001
0111010000100000011000001110010100000101111111011110010110100101
0110010110001100000111000010010111100110100110000100011000000010
1100110000011111111010011001001101010110101011011000110001011110
1001101100000101111101001011100011011001001001010010110101011000
0101000110011100101100100000011111110101111100001100110000010110
0111011100101111001100001111101010010000101110011110111011110101
1001010111111010110100000101100100000101000010111010101011000111
0011001010100101111101010100100101011000001101110111001000110110
1000011100010111010000010000101011000100100111101111100001000000
1001101001001100111010001100001111101110011000010000000110001101
0001011111100101101001000000111001101110101001011001001111111000
0011010111001110110110101111110110101100010110011101110110000001
0000010001001000110101110111111010011000111001011010100001101101
1010100001111000100000100010011111000100011100101110101100010001
1111100011011111000000001101010101110000010100000100100000101100
0101000010000110100001111101001000010011001110111011101110011011
0001111111000100000010101111011110101100010010000101111111000101
1111000011100001100011111010111011010000011111111110000111010010
0101001110010111110111010111000011110010100001011110110010001011
0101101001111111011101010001001100011110011001101110010001010101
1110111001011000100101001000100100010101110001110100000000000000
1000010011011001110001011101000101001101001011111110001110100011
1100011100110101001110110111111010110100111101101000111001111110
0110011110001110111111001101100110010001011110010010011111111101
1110111000001001011111011001101101100110110110001000100101111101
0000101001101110111001101101111011001011101100111100010101010101
0001111000011011111001110101110101111000011101110110001011000111
0101011100100010101100010111110100111111000101100100100110000010
1001001001000110000011110101011100001100111100001011001110101001
0000110101110000101011010101101110010110011111100000111100011111
1111000100011011101111101100001110001001100011001111100101011111
1110111001000110101010010101110011001001101111101011111010110010
0111010101100011101000011111111100011011100001111100011101111010
1001001011001000110100010110101010010110110010011111011111010111
0111010100111010000010000010011000110101110011011011000001111101
0011111011000000111001001101000001001110011101001010011111100110
1011100111101101110101100110101100110101011001100000111000101010
1100011101100000110000111010111001111100011111001011110100010100
0100100110101110010110000010111001111010000000101000000001010111
1111010101100100110100101100001011001110000000100000010110111000
0111001101000011000011100110101000010011101101011101100001010011
1011100100111011100111100101110111011010011101010010110011100001
0111111000010111010101110100000101111111001111011011100001001000
0001111110100110111011100111101111100110011010110101011111001000
0001110010101111011110100101011011100001011100001110110110001100
0111100110101010110111000010011001011101100110000001110101010000
1100001100110001100111010111110011011011010101010111011010101110
0110100111001001100101001010101001110000001010000010001110100111
1001101000000010100001010100011111110100100100000001010000111011
0001011110110011010101001110101010110101100101010110111000101010
1100110011111000110100101111011100101100101110111110100011110011
1001001110111100100101110001001111100000000011000000001101110101
1111111001010011011001011111111111001111010111101001001011101001
1001000111101100101011010001111110111100010111010110001101001100
0011110011101010010110101110101011101101101110110010010010000000
0111001111111000000001000101100010000100001010000011001001110001
0001010001111110001111101111000010010011111100000010101101010011
0110010010100010100010101111111001011001101100000000110100000110
0010111111000011001000101100010100011011001101010111110100000010
1111110101011101011110101100100110101010000001000110110001011101
0000111111010011101000011010010000010011100111111100000110001000
1011011110000010000101001110110010000100111110100110100001001100
1111011111001101010110110000110101001110110010110101011001000010
0111011000111010001101000111100110010010011111011110100110110010
0011001111110000101111100100110000010001111100010011111000000100
0000011010100010111101001100010110010011000110001101110001100110
0110111011101100010100010101111110000010001001000010011011110000
1110100011000100110011001011111010110011100110011000110000001100
0000100010010011000011011000000010011101011010111001001001011100
0010001101101110110101100101011000101111011011101110010010100011
0001011101000010101001101011000101111001010000011100111000111011
1100100101000110000100100000110101111100000000111110101000101111
1001100000111000001110101011110001101110110000010011010011001010
0110011011010111110100101001101101001110111010000001110111101000
1100111100101111010111010101011101110111001010110011011011000001
1001101101111100110110100111001010010110101010011101111111001011
0110011000001001010110100011111100010011101101011111011110100011
0011100101101110011001100101110100111001111010111000111110101000
0011010111001001110001100111011111010100101100110000101001010011
1100011001100111000100100001010101111111001000100111111000001010
0101010100001001010001011011010101001100110000010000110111000110
0000010100101110101101011101011001000001010010101111000010011000
0001011111111111010100101000011100000001001010110111010111101111
1010110111100011000110110111111101100111100101001101010011011100
1010110010111110100110111110101111001010011101111001011110000111
1000101100101001011010000011001110101001110111101010110110101000
0111100111101111001100010011100000111000100100111111101101100000
1001010111110110111110010101111100111111101100011101101000111000
0000111100000000001000110000100000010110001001001100111010000000
0101000110110011011110011000101101111001010001101010011111011111
0010011000011000110011011000010011011001100111010110110110101010
1101100110111101110100010001011100101010101110100010010111000010
1011010010101010011010100111111000101110101000100011000010111110
