1000010100011011111010101011010111000111110101111010011001111101
0010110010111010101111000000110000000000111011011000101001000000
0111111110100101000101010100000010000011100101100011011000110001
1111111010011110101100011100001000101010100000101101110010010111
0111001101110000101000010110010111110011100100000100001101000100
1100101001010110100011110100101011111110101100000010110001011111
0101111100101110100100101111011000001001110100101000010000010111
1011000110001000000110111110011000111011111010011001001011011111
0111010100001101010010001110010010111001111000010001111011010101
1110111001110001101110000111110000010000100111010011010011001001
1011011010111100100111110001000111000111100100011110011010110001
1011101110001111100011101100111101011111111011011110011111100011
0011110100111011000010110111010000001100100001101101110000111001
1001101100111110100100110110100100010110101001100100001011101101
0101000111101010000100000110111111010011110111011000001000111010
0001011001110100011110111011100001110011101011011110000110111011
1001101110110011100011001110101001110001001100011000001101101000
1111101010000100010100101011100011100100100001100111111010000111
0110110100111101011110111010101001001010001010000101111101011100
0100100000010101101010111010111001100111001111101110100010011111
0101000010111001110000100000101001011001011111101000001111100101
1111000011010010001010001001000011011111010100001101100100110001
1011010011100100111000110010101111010000110111100011010101100110
1101111111011111111010111010100101100110101111111111010001111100
1100101110110001111010010001000110111010100100001000101101111111
0000110110110010101000110011111101001100000011001101110011011111
1111011101001110010010001000001001000100000110011000100010001001
0010010101010000111110100001110111000001110101111001011101110100
0111011011010000101011110101101011101000010010110010100011100011
0001000100001111001100101111011001011111001000010010010111110111
1011111010110001111010000001000001111111010111101111011000011101
1010001100000100001000100011001001100100010001000111111111111110
1001110100100010110001101100011001101100000101011001001101011001
1011001010110000100010101001101101101000001101110011010010111001
0100110010010000010100110101011010111111000101000011010101010111
1100100001100110001100011000111101010010100010110000101011011100
1100100101011001101010111011100101000010110000111100100010000110
1011000111010101111101000001101111111100001100110000110011011010
0101011001110011010100100001111011000001001001010101001101111101
1110100110010100010110101111110110110000010011111110111100101000
1011010001010111101100100111101010100000100110110001010100000100
0101000010101101010110100110010111100110001001000001101110111001
0001111000010100010010001010000111000010001111001000011010100100
1111000101111101011001011011100001111001011000011011011011111111
1111000100111111000010101110010010110110101111111110010000001110
1111100110110110000011110000111001100110000000011010100110001111
1000011001111011010011111010100100101001111100010101111000011001
1010111100111101011110101101001001001000011010110010101101010010
0011110011010000100001111101000100100010101001101000011010111010
0001011010101001001100111110000010100111011111010000100000010111
0011101000111010111100000010011001100111001110011101000100100100
1010010110101011010010001110110000100101110001000010101000110100
0101101111100110101111011001010110110000000000011111110101100000
0001011010011001001100011010111100010011111110110010110101010100
0011111100101101111000001100101001100010110100000110011000000111
1100011001010011101110110110011101011111001010010110111000001100
0011101111010111011010010100101101001000000111001010001010000101
1000100100100010010110010111001110010011011010110000111011100001
1111101101111111000100110010101111111111001000100001100011000101
0100101000000000011111011101100111111010100010010010110010000001
1011011010101001001010110011001011000101111111111001101100110011
1001011111101000100110101000101000011111100111000111111111111001
0010011101100001001000000111100101001110110000010001000000101110
0000110001110000000001000101101010010010011001001001011110110000
0110100111000100100010100100111010011111100001011111100110101111
0000100010110011110010110100001000110011001001000100001111101110
1011101000101011111100111001100010011010101000000100001010101101
0011101100111001100111101110001000111101011001011010101010001111
0110100000110001101000101101000010101111000110001110010011000101
0011101011011101011001000100011100011001010100010011001010101011
0000000100010101011100100101001010111100011111001111001011010110
1100110010111100110000100101101001010110110010001011111111010011
1011010001100001100100110110000010001000011100010000001001101001
1011000011101101000001110111111010001111100010000110011101000111
1001100100100100000000000110100011011100010001011111111101101110
0011100000011011000101001111111111110010110100010010010011100101
1010000001010110001111010010010110111100110101010101000001010011
0100111001110010110100101101111100111000001111000100100010001111
1101010011001011100111001010001001011100011100001100110001010001
0110001111110000110110001000111100101111010010000011110000011001
1101100000111011110100000000100000101001000000010001111000101110
0110110101110100000001010110110100000011110111011100111011001100
0011100011001011010110110110011010100111110010001001101110111111
0100010001000011111010010111110110011000001100000011100110100000
0101100100010011011101011000000101000011001000011110110001101100
1101101011010110011000110101101011101010100110001000100101011001
0010111101001001110111100100111000000001011111010110011111111010
1101010011010000010100111011101001010110010001000111110101000110
1100000110110110101011000011000010000101001000011100010111000010
1011000100010011000000010101001100100111011101001000010110110001
0001001111111111010101110101000000010101110100100000100110011100
1000010100001000000010001111110001001000010111010010010000111000
0100011111101001000101101100000011101011110010011001010111100000
0110101001001101011101011010100111011000110110010011101110010001
0100101100111011011011000100000010100010110100001000110001011010
1010001010110100010110111110101101110100100011000101110100011001
1011101011011010110011011000110000000111110100010000010000100100
1101101101011100101001100110001100110010100111010110011001010000
0001010110100011101010000010011100001001001001011101111101011011
0001101101010100101110111001110010111010110001011000000001000000
1010110110100001101101111010100110111011010100001000010111000100
1100100000101101001110010100001100110100000000100000011111011011
1000101111010110001000101101100011101101101101101100010101101010
0000011001000100011000101111000001010000110111100000010100010001
0100111000110011011110001100000000111111011000001011001110001010
1101100010010000110101111010000001010101011011010110001110011100
0011101110101110001110101100001110001101100001110110111000100011
1010110110010100111101001001101010101001101000111101100001000110
1111011001011001111010010011100101011000011101000010000100101101
1011010111000001001010011011000111111011000111001010110010000011
1001001110000010011101101101111100001111110100011110100001001001
1011010001011100010000111011101010010011000011101110110001010111
0101001101001101001001111000001011101101011100100000011101101100
0110001000110001111111001101100111100001000011011001100110101100
1011111111100110011111001010110100000101010101001001101111000001
0110111011001000100110011100011100110001010110110101001001110111
1000110100110011101000100010100100011010011000010111110001011001
1001011100011010000011111101101000001011011000001010000110110010
1011111101111000110000111101110001001100100101000100101011101000
0100011000001001110101001100000010011110001011111001001001111010
1110111101101001011101000101011010011001100100001101110011011111
1001111100000111001100101000001101110000000101100000000100101100
1011010101101101010100001010100011000101110110000011011110000100
1011000001011101011101010001100001100011110000001011001010010101
0010000100111000111101010010000110001011100001110110011100001010
1000001110011011110111000000001010110000101100010111101111101110
0101110010111011111111101011001001010000110110000010001100100101
1110110011111100000010110001010011101111110011011110100011101100
1001101010010011110110011000011000100101010010101000000011111101
1000001010101111110001111111010111101111010010100000001110111111
1011001110001000110000110001111011100100100110011110001010110111
0001011100101010100010100011111101101011001011010011011011111100
0111100000100010010000101000100110111011100000010110011000000001
0000001000011011111011001010010001001000100111111111100111110100
0111100000000011110111001111101010101110100110000101010111101000
1101000111101000011011101101100000101100001110111000111001010001
1010101101010010111000001111110111011110011100110110100011010000
1011111010000111001110000011000001110111001011010110101101001101
0100010110000111100010011100101001010001110101011111011011001110
1111000011010000000101000000100111001110011010100100011110100111
1011011011011010010001001100111000001000001000000111011001101011
1001100001001101000000010100000011000101010100101010110101000101
1111011110111001110100101101101000000001100001100110010110111111
1001001111110011000100011011000101000100010000110011111111000100
0010000110101110001011000101000111001000101100111010011111110101
1010011000000110101010010000000111000101011001011010001110101111
1001000101001010110100101110001111001101010000001011110000001111
0100100110101111111011101001100011011100100101110111010111011011
0110101111100011001011000111100010101111011011100010000010100011
0110011011001001110100010000100101110101001000000010010101101111
0110011111100101110110000010001011001001001111110101110110101110
0111101001100101001111101001101010110100100001001110010010101011
0011001111111000011011011100011101110100001001011011010000100111
0101101100011100001111001011001111100011111010101101110101110110
0101010011001001000010011100000001000010000101011111011110000100
1000000100010000101110110101111011011001111000011100011110001010
0111101101110010010111101011000010111100011110010001011100001111
0001110100110111110100001011100011011011100110100001100110101100
0011111000010011010110100111011111000101010101100110010011101101
0111000101011000000111100110000100100010001010001110001101010100
1010010110101010111000011111011001101000010011000000010110010001
1110010001110000101101101100101011010100101000010101010101010100
1001100001110001110010011100101100001000001110001101100101100101
1000000110100101001010010011000100011110111010101110100100001100
0111110000001010111001000111010100000000100101111001010010001111
1110101100000100111001000001011000010111011010010110100100011100
1001001010010111101110010101000000010100110000101100100111001101
1010100101100010110110111110000010100010101100011000111001001011
0100001010111111010011011111010100111001001011011110100110010001
1100111010111010011101111010111101010000101101110001111001000011
0001011011101101100100010101100011001001000111001000001001100100
0100110011010010100110111001001011100011111011111000010101000010
0001001010100001111100001011010000100011100011000011010001111000
0011010011011100110001110011111001010100110001100001001000000011
0110100000011111110110000000111000101110010001010000001101110001
1101010101111010001010000001011101010011110100011000110001101011
0010100101111111111111000110100000011011011000001011101101111111
0110101011010011100001011111111111010001000000100010110001101011
1000001011001011111010011000000010111010101110101111000000011001
1110110000110111000111101000111101000111101110101100110010101010
0001000001100000111111100011110111110111110010001001101010011010
1101011100111010000010011101011110110110111111010110101011111110
1110011011000000000101110000011011001001011110000111100000110001
0000100100110010101010111110001100001001010011100100010010011001
0010010001001001010010000011000111110011110111010111100110001100
0010101011010100111000010001110111111111100001001001011000010100
1011001010110011100100101100101010000011101000101011011010111101
0001110001100110100110011110100001101110010001110100110101100010
1001111110101001100100001111101111011110101110011010010110000001
0110110000011000010110100001010000111110101011000010011111101000
1001101101110111111000000101110100010101011001110100100011001100
1100001000010110101011110010111101010011001101101010011011111101
1001011100110011101000000001010011111100111010110100010100100000
0010011111000010000011110011011010001000111001101011110010110010
1110001101110101111100111010111110001100001101011101100100010101
0010000010110010100010011100111001100110101100100100000111010011
1011111101011011111000011110111100110000011100101000000010000101
1100100110000110110011110001000010111110010110000111110000010000
0011101100111011011001001010011110001010101110000011110111111101
0111011001010111100010101010011110011001110101001100110111011001
0111001111011000110010110110000000001100101101110101100011100111
0010011001111110111111101001111010000010010111101100101111010010
1110101100001111100111011100101111111010011100001010111101100010
0010111001000011001100010000011011010100001100101011110010011101
1010111101110101011010111010011111010000011110010101111000000000
1111000010101010100001101100110111101011001001000011011000110000
1000000111100011100001001110111010101111100101111111010010000101
0000011011100110000011111111001101110111001011011100001111000011
1000001011100011100101001100111001110100001011011000101100011000
0100100000010101101000101101110111111011110000110000101010001000
0001101010010010110011010110100110011111110100111101010110011011
0100110111001001011101100101101100010100111011101011101010110001
0100000110101011101101001010100100011000101010110110011110101010
1110111000001111010000110011010010111000000001111101001111011000
1111101110011111111111001101110110000011111101010110000011110101
0000001111001001000011000000001110110011011100111100010001001110
1110111110001111010110101111011011101111110100111001110001001011
0101111010010101001000001001011110001000010000101100011000001011
1100000001100011011111001110110101110101000101010000011011011100
0001010001110110001101001110011011000011010011100010010000001111
1111011110011001101111111110110110001001011010001111100111110000
0000000011110001100010000010111001010011000011011011011100000111
1111011011100101011100001010100100101101101111011000000111111011
1110101111101100100100100101100000010101010001110001111111011001
1100100110100010011000001001100000010011110001001010001011001110
1010000010111001101010011010111010110000100110100000011110110110
1010001101000001000101001000111101101000101011101100001001101101
0101110100000001010001100111111100110010110001101000101110011000
0011110100101110100111110101100111001000001010010110101111110001
1100010011100101011111011101100000100011001011111010010001011011
0101111111111111111100101001100011010001110010001111100101011000
1001100110010101101110101110011001101000001000111100101110110100
1011001100111010101011100111101110110100010100010010001000000001
1001100111011100000110110001001000100100101110110110100010011100
0111111011110010111111101111100111010011001011000000100001111100
0100001000111010011110100010101010100000100111110010101110100110
0010111000110011001011011001111100111001000101000011001001000000
1000110000101100000011001100000000110111011110101011111101110011
1100001010001111100110100101110010100111011001100000000000110011
0001100100100000011110111100101100111010111010010101000011010000
0111000000011110011001010001011001001101011010011100111001000000
0111010101100010010101100001011100010010101010111110011000100011
0011111100101000100000001101111000001001011001010001111000011001
1011111110101111001101011101001010100101000000011100001010101100
1010011010100011100100101111001001111010010110010000101100010010
0110111111110001110100001001111110100011101110110011000000010101
0101010011000110000100000011001010011100011000010001000111111010
0001111011010100110110101011011001000110010111100001100000100001
0011000010110001111000000000100000000011100011001001101101010010
0100110001011011011111011101110001111001100110101010011001011100
1010010010110100000010011111010111110101001111100011001110100100
1110101100100101101101000100111011001110110011110000011111000011
0000100110101011100001010110001111001010101101101000000001010000
0100011100100000111011010010101001110011100010110001101000000111
1110100010110010111011111000111011011111100010100010100001101101
1000010111010101010100111100100101000010111010110011000000001001
