1001001011000000010100000110001011001101001100001111111011100111
1000010011110011000001001010111000011001111001011001110000010001
0110000000011001001011100110011001100101110000011100100010110101
1111011011011010100010101100110001110111001000111110011110111100
0011110010011111110100100011101101110111110111000111111001111111
0000100000000100100101111011111001111111010010011101110101011110
0000110000010111010001100000011001101000011101000011010110100100
0010111001100110111100111010010110000101000110100111111111111100
0000101001100101111001010111101101101001010110111111000010001111
0001011001111011001001001100000000100001001111110100101011101000
0011100000010111101010100001000000101011110000100011011011100011
1000001010000011111101101111101110011010001100101000010011110100
1010000000000100111010110101111011001010110001111000110000000000
1111010010100111000100001110011010100101101100111101101111100010
1001001010111100001011100111001001000010100000101110100000010011
0100100111001010111100100011101101001110000011110011011110011010
0000010111100011000111110101110010001000001001101111001010101011
0010111001101010100101011100010011000000111000101001000010111010
0001000110010010010110100111000011000110110100101111001010101111
0010110000000011000001011110000101011100010011010011110010000100
0001000000011010000110010101010111100101001011110111110000100011
0111111100011010101101110111000000001000101110011010100110001101
0111101000110100010110000001000000010000101010100100101101111100
0011010110111010000001111001100011110111000000111100111111010001
1101010101100101111000110001110000001101010001101110101010101100
0001001001110101111101010010001101000000110010111011110110101011
0010010101100010001010100101000111111110011010001000110000001011
1011010111101101100101011100001001001110110111101000101101100010
0110011111000000011110100001001000000111100101010111101111110111
0100011001100100110101001100111110000011010010001101010000111011
0000100111101101111001101011000000001000011100111001110100101110
0101011100100000001110101010100101011110111111100010101011111011
1100011001011011000001011000011011110101000010001111110011011101
1000110001001101000001010101111010110010110010000010010000010010
0111000011101110110011101011110010101110111100110111001010100011
1000111100000000110100010111101100101010111100110000110101101001
1100010101110001110000010000010100111000000000000000101100000111
1100111101110011100000001101000011001111101111101000010001010001
0000010000001001000110110001010001100111100011001110011111111101
1010110111100111001001111100010000100100010111011001011110111011
1110110100101011110100100010110110110100010001100000011001111001
1011100000010011110110011000001111000111100101111110000100000110
0111111100011101101010000011101010000110100101000111001111010111
0110111010001110000011000010101111100000110010010000100010101001
1110010010111011111111100011110000000110000110010110101010000010
0110110111101011000110011000000010110111001011111011000111110100
0011010111011001001100111001010001001001010000100100011010010111
0000101110100011011011101001011010011001101010100000111001011001
1100010000010101011111111111001100110110111001000010111111010111
0101100011001000101100011100010101000011011110110011100000010111
0110011011011100011100010001100110110000101001111111010001101010
0001101110001110011100111011101100110101100010111101100100110100
0100000000011010010101110011101010001010001001010111000010000101
1000010100100000110110000110000101111100111000111001111011011110
1100000110100011011011110101010001001010000101101000101001001001
1101011110011101100010010100001000011100001000010110010011101111
0011011000001010111010000000010100001100111000101010001011100100
1101000100011010000011110111110010100011101111111110100101110110
1010000111110110000011001001011000001111101111110000000101011111
0010011101001110100101110000010111111101001110000001110001001111
1011000110001001100010011111110111000110000101010010001011100101
1111001110101101010000111101110010101100011011010100111111001100
0100110010010110101100100011101111011100000011111011011000100101
1100000001011100100110011010010000101000000011111101101110100000
1110101101010000110010000001100101010111100101100111100010110111
1101101110001101000000000001110000100101101111110111101110101010
0000110111011000111100101001010000000100101010011111010100111010
1101101111100111010100010110100111010110111110000100110100110011
0011010000000101011100001101001010111111100100011110011111010111
1100110001101000101101000001111000010101101101000001000101100101
1011100011111010010110001111001000001101010000110101000101111001
1111000100111011000101010101111010100100010010101111100111110000
0110001101000000100111000001101101001101011011000110000101001101
1101000011111011001110011010000101100011001110010010100000000010
0001110011111001111111101010001010001100000001111110011000010010
0000001001000000011001111111011001000101111101110001010101000101
1101001010111011001100111101111000101111101110000101001100010000
1111011011010111001110001001100101001111101010111011010010010000
0010100011101110101100110001100000100001010001111001101010101001
1010001011110111000010000111101100011101011001010111001110111100
0001111011101011101101001100100111101010001010111110010111000000
1101100001111000101100011101111000001100000000101010011110010100
1110001100011101101001101011111100011001100001010001101111010100
1001010111100010110101111111010110101000101111011111110001010010
1011110000010101100011000000010100000110011010100001100010110111
0111011011100001010111001100101011111111010011010101110110010111
1000100111010001001101011110011101101110001100111111110110001010
0100111000010011101100001111110000010100000110001100111010001010
1011101011001010101001010000001010011101110010011111001100111001
0001111000011010000110110011101010000011110110011001001011100001
0110111011010111101011101000101001000110101101100101010101110011
0111101110101100111110111010100010011000000000101100101100010010
0101111100010001100010100000011110101000010001101110011101100010
1001101111001110000111111101111110011001100011111001110000010000
0011100011110100110111000001010011001010111101011010100001111110
1001110011111011010100101100110110010101001000110010000000100010
1011111101111010100011100000110101011111101011010100000110001110
1101001001001110101010110100100010110001001001101001000111011001
0011010000101100011111010010101000111010100001010111110100100101
0000110000010011011101000000111010110111001010011000110111001110
1110000100001110110011011011001101011101100001001011100001000010
1110101100100100101101110101100111001000001101000000111100111100
1100100011110011101110000000001001111010000101000101101000010111
0011101111110011111011000111010110100010101000010000011111010000
0001110110001000001110110001001011001111100101011110101011101010
0110111001110110000000111011010101111011100101100111001011110110
1111110110101110110010000110101011000000000000011101101110101101
0101110010101100000100001100011111011001000111110111000000010000
0011111110010100110010000010010001011101001010101011001011100101
1101000011001101110001001100110101110011001000110001110000010001
0101110110111010011001110100001100100101100111110011101100101001
1110011011110011110101111110000101010001100110010100010001010110
1101010101010000101010100010100000011010010001000000100101100110
1111111011010000110010110011111010111001010100110111111111000110
0100000111011011100100110001001001011010100011110011101000011101
0010101011010110010110000000010011010100000110111100101101011110
0000011100100010100010000111110011100111011010010110000101101011
0111111100111001110011001110000100000111000110110001110101011000
1101111100010000110100110110111110110100101000111100100001010110
0000001001010010011100001100010001000000010010001011110101111001
1000100110011000101100010001011000010010000001100110110011111111
0001001000011010000011011110011001001101110000111011101110010000
1101011110110001001001101000001110010110111101100011101111101100
0000110011100111110001110010000110101010101001001010010110010010
1001101001000010010100011000011010011101110101001000111100101000
0010101000010110100101101101101100101101001010110000110101010100
1101101101010100011111101010011000001001010111101111111111001010
1101101100010000011111010010000111111110011000111001100101000111
0001000110111011000000101011010001101110000000001110010111100000
1011101010011111100100010101111110010100110001011101101101101000
0110000001000000000110010010101011100100101101110101110011111100
1010011100110100101110110111011001010101101001001010110111010000
0011101011010010001111101101001100010111101000111000110100011001
1000010011001000110100101101100011110101101011010011000100001011
1011111011001100010001011110110000010101101001010110101011101101
1101111000011010100101000000101110011101111100011011111001110000
1101000000101000111000111000111011000100011101010110010001101101
0111011000011100101100011101110001100001010100011101111111001011
1010000000100100011100100001110011101000010001100010001110010101
0100111000101111011001100101001010011100010111100000000001000001
0011010011011100101111100010011100010101010101111111110000001110
1000000001011000100110101101100100001011000110100000101100100001
0000001000011100011111010110110001000100111011000110111110000001
0110110000010001001010100001111111110010111010101011110010000101
0110000110010111011001101000110000010100101110000101011100011100
1010011100010100010111001111100000111100011011110011101110011011
1110010100100000011000100111100010101111101111101010111100000001
1001001000110101100011011000000100111001101100010000011001101101
1010010001111011011011010011010001001101001101001001100000010100
0110010111011011001101010010100000110000110010011001100101110010
0101100100111001001001010110000110101101101000001000011011111111
1100010111001100000001011001010001110011100101101101111110101001
1100100000111101010011001000001011000110110010010000010010101011
1001100011101100001101100011101111001110011100111101101011101111
1100001110011011101011110110010100010011001100010011110011101111
1011000000101101001101011011110011111001000001001000001001110101
1000000001110101000101111100001001001101110111001101010011101100
1110110110001011011000111100001100010110010000011101110101101111
1110111100110000001100100001001010000010110101101111010000100111
1011110001010001000000011100111010100110000000101010100011111001
0100001010100011110100011100011000100011110011010011100011000001
1110010100000011001000001100000100001101111100001010011111011001
0110011000010011011110110011011001101011011011110111011011100110
1101000101101101111010010111100111111001001111010010001111000111
0001011101001101011010100110111010100011010001100000000101000111
0100111001100010011011110001010000110011000101011100000000110001
1101011101100100001000000000111000010100111100001001001001111001
1101101110111110100110101010111000001100001100010011100111001010
1100111010010001011111111000010111010111010010101010110110001010
0111011000101000101100101101111101001010011110010011110101111110
1111111111111101111000001101111010010111110100000011011001111101
0010000010001001001000000011001011100101110101101001010100100000
0110011011110100010010001000000101011000111000101000001000101101
0110101100010100101111111010100010101011010100111101000110000101
0010011110011001011111110111111010000000011111010000111000100010
0111011111100111011000000110111011011001010001111100001010101100
1011100101110001111100111101001100111111000110100100101010011011
0101101101011010101100100101001011100110001111000101000100001000
1011010101100000001101001000001011100100011011001000000110011000
0111101100010111001011001011001100110011101000110110100000010111
0100001110011011100010010001011111100010110011000010111110000110
0101010001101001000000100000011100110111100000110010000000001101
1010010110101100001101110001101100010101110101110011111110110101
0101010010000010110000111100101111101011000101100110111001111011
0001010011101010111100010010101101011010011111110011001001100011
1101110000001111000101100100001101100111000110111101111101110010
1010010011000011011101011100101011111111111011101011101000100010
0111001100111101001001010101110100110000100111001101101100100101
1001101100111010111101010000001111010010111011111110101111001011
0111110000001010011011010010101100110001001001000101010100000001
1011001101100111010101101110011000011110001000110010101001000111
0010010000001100010000111010110100010101010101111111110011110111
0100110001000101101100110000001101011001000011101001011110100011
0100010010110110100011111000111011101110000100011001101010000000
1101011001001011000101110010011001010110100010000000011001000100
1111011001101010101101011100010100010001100000010101011111001000
1011101100100000011010010000111101011001111101101111001100101111
0011110000001111010011001111100101101111001100111000111100010100
1100111001110000111111100111110101110010110101111011101010010100
0111011110101010111000110111011011101101010100100101000010010010
0010010011101110110001111101000010111011010111111110011010001011
1011011001011010010001111010000101010010010000011010101001100011
1101111001111011100101101010000000011111111001110101011001110101
0001100001101000011011110000100011011001101000111011101111001100
1010001111010001111101000001001011100000110111000101000110111100
0100011100010000110010101001000110000010100101011111000111000010
0100111100001001110101110000111101000110110010100100001000000111
1010010001111100011101101100100011000000011100001010010110011110
0001111011000000010000100100000000011110010010101101001101101110
1111011100100000101110111110100100111011101111001011010110001000
1110010011110111011100001101010111001011100010110110100011000101
0111011101110010000110100001100110010100011100110000100101010111
0110111101000011000000110111011011110001111001011010011110001000
1100111010010000111001110101111111000110100100100111101011100010
0101011011100011011110010101011001111101110001111010010111100100
0000010010111111110011111011000111010000010111001110001110000111
1011101101111010110110111110010010111000001010110011010110111111
0011010111011111100000100101011001101101110010010110110001110110
1011111010110000101000001001101110101110111101101100110100000001
1101110000111010010011101001111101000000100110010001000110011110
0101110000011111011011100011101000001011011100011100010100011110
0010000101100010011010100111111100011010001000010010000111001101
1101010011110101110001100000001011010001010011100100001110100000
1011010011110000100100100011001101000000001111110101111111110011
1011100110000001000110000110011011111100110000001100000000100101
0011000011010101001111011001101111110011101001100000011001011110
0001100000000000010111100001101001111001100001000110000010101111
1100100101111110110001110001111110100000101001010101000000111110
0010011000010001011010110011010111001010100110001111111111100111
1001101001101101101111100111111010000101100011110110100010110000
1111010000000110000101001100010100010111000101010101101110100100
1000111101111011101010111010010101010010001110111101010101001111
1000110100011111010000101000111010010111000101011000111011010011
1101101011111000011000101000111101100000110010111111111111010101
1010001010011000001101000010011011110110101101000000001101010111
0101000101100001100111001110100011111100100001101001110011111100
0010000101010100010000001101010111000101000101111011001110000101
0101001000010011001010001110110100011011010110111110001100001101
0001000001001110101110101111010010011010011101110011011110011010
0001111010110001010111100101110110000011110000101111000010110100
1000111010110101101000010111001101011011110101011001000101000001
0111001011100110101001000000000001110011011001110111010001101100
1100101000000100111100011010000101100100011101101100111100010111
1101111011010100010100101100000100001101110111000011011000000101
1010001101011011101110100010110110101101011001010001000110100000
0110111010111010111111101100011000111111000001100110110101111011
0111000001001010000111111100000111010011011101101111110001011100
1101010100010110011111111111010011110001110100000010110110010000
1111111011010101001010101111011110001000000100001010010011100011
0010101101010001111010110101011010100010101010111010110001111010
0101110110011110101111000101001010000100001100000011101010001111
0111111101001110001010100010001111110011100100010011010011000101
0001100110010011110000010000011010000011000101000111010001010010
0111110011010010010001110111011010111100110010001101011010011100
0110110111100011011111100000001111100010001000111110010101010011
0111000001111011100101011101011010110000000110111000011100111110
