1101110001011100010000111010011010100101111110101011011010000110
1110101000100110011111110010100111100110101101100000110111011101
0001100011001010001110000100100000101001010111111000001111010111
0001110010100001110100111110110101001110101001110011010110111111
0110111011110110110011011111010111100100101110001111000010011110
1011111110011011101010111110000110100100100111000010100101111110
0011101001101001110101000010100010000001101100001010110000011111
0100101110001011000100100110001011000101101100111000111111000011
0100111100101000110100101001011011101001000000001111011110111000
1011101111000001101010001000101010100010111001100110010011001100
1011100000110000101110000011100100001010000100000100111010100011
0110011000111101000111100010001110100001000010011010101111101000
0010101100110010100111111001100000100100110001011000111000011110
0010000100110001100110100000000000011100101010110010011101111110
1011011000110000010010110000000110000000010010111000110011101001
1101100000011100100000100110111011110011011000001101110100010001
0010011110100010101000100110101100110000000000001010010100011100
0011000111110111001110110010010011100111101010011000001000110111
1111011000011110001011111000000110000111011110011100110111110000
0001001000100001010100010110011011010010111111101010101001100000
0010001110100100111100101011011110011110011111011001001111000101
1010110001101101010011000110110001101011111101101110110110111111
0000000011100000110100100111011100101100001010011110101011001110
1001111111000011100110001001011110101110110001111010011111010000
1010001100000110000011000000111101010011001110110100010110101100
1101110000001011100101011000110011111110000100110011100111111000
0011001010001010100011000010100110110001100001010000111100101010
1110100001111111101110110110100001000111011101001010000011001010
0111010010101000111100000110111001010111100111110110001110001111
0101001111111000110010011100111011011110110011101000100101010000
0001010000011000010001000011111110010011111001100010000010110101
0101000111100100111011110001011100011000100101111011010011100110
0010000000100010011011111000101001111101101001101001011000011101
0101100110110010100100111101100011110000010001011000000011110100
1000011101010100000101001010111111100011001100111101110110111000
0010001010011011110000011011000001011000111001101011101111100110
1100110101101000110101101010000010010011000001011110000110111111
1100111101000011101100000111100101101000010111000100111100000101
1111000101001101100100101010111010110111110011110000011011001010
1100000010011011001110011111111110100100010110111100100101000111
0011010011011111011101000101101011110000010101110011111100111100
0100101010010110101100110011010001011110001101100000100011110000
0001000011000011111101100110100100100001110111010110101000101100
1110110110110010111111011010011000011010000001101110000010100101
0001010111100010010101000011011010110101010110101111100100011101
1101110001100011111011000000110001001000000011111001101010010011
0010010001111101000011011010011001000010000100011011010001110100
0011110101101111110110000101111001010001110000010000110100000100
1101000000100110010100101010100111100110101111110111110010111011
0000001100011000001011000001010110111111001000100101111111101010
0100010101110011111001011101101011111011111110010011001100010011
0111001000001011100100101100100000011100000110011010011011111011
0111000100001101011110011110001011100011110001000101000100111010
0101111010100011100011101101010110101111001011100111010000101011
0101100000111110000010001100101100001101111000100011011000101001
1001001100101101000111110000011001111000010001011111111010110001
1000001110100001110011110111011000111011010001000101101111110001
0011100010100110101101100000001000011001000111010100110000010000
0001001100100110010000011010000100010010110110110000011000110001
0000011110110011110001011000000110000100101001000010010100010101
1111101000100001010100001011100010100110010111001101001010101110
1110111000001010010101100101101001101010111001111100100010101110
1100111000110011010110110100100110101011100100010011110011011110
1110001011111010111100011110010001010011000010111000011111001001
0101001111101000101000101111100110111111010110001001001111010110
0101001100110000100101001110111001100101001101011111101101100110
1000111000011001101100100000001001101011011010101111111011101001
0100111011011100101110000001100010001101000101010100001011100101
1111110100101110000001001110100100001011111010101011100011010000
0001010011101011111100111000100000001101000100000011111110000111
1010000101000001110000111101010111111010111110011011001010100010
1101001100111111011000000101010111010001100111111110001110000010
0111111111011001000000110101100100010100111101110110000001001000
0101011010000100100110101101001001010011010101001111111100000010
1000001110001000101001001101001000011000110101011010000011110100
0010001111001011110101110100110111111100001101001000110010101100
1000010011001100011011011111100111101000111110100010110111101110
1110100000111111101100000110110000110110101100111101011000100011
1010000100000001100101000110100101101110111011101011010111110111
0111000110010010011111100111011000110100010110001100111000110001
0010000111011001101010101100011010100110101100000101000110110000
0011100100100001011111111100100111000000011011011110010010100101
0100101101001000011000000111110000100011001111000011111110111010
1110010110011111011111100001101011110010111000111110000000110001
0100111100000100101001001001110010001000101101101100010011110100
0111001110110001110110111110111001100111010110001100000110000101
0011111010011001011110111011111100101101101011100101010101110111
0010110000010111100100110101110101111100001111111001010110011011
0110001000111011110100000111110110001111111010011011011011110100
1000101011010101100101101110011100100101010111101010100010100010
1101111011101111010011111101001010011011001000010010000000010110
0110110010111010101110011000001000000110010111000000010101010010
1000000000000000010101110110111111001011000000001111001010011111
1110100110010011100001110010101101000111111101110000101111001101
0000101010001001001110010011100111001110101101000111000001111000
0000001001010010110100111100111001110111111000111111101000111010
1110001100110000101000110000101010101000111010010110110010001011
0100001100001110110011110011000101011100110000000000001011101000
0100110011010000110101101010100011000000100101101110001010001100
0111110001110101111001000100110000101011000101000110000001001110
1100101010001000010010011001100100011000101000111101011010010111
0001000100010100111000110000111000101010100100111101110100111000
1110010010001111101111101001010000110100000100111111011010110011
0011010000011100100001111010010111111000011110100110000010101101
0111100001111101011100000111000011110001101011000010010110010001
0000110110001010010010100111111011100010111110010001100000011010
0110101110111111100100101011111011010101010001000000011000110011
1100001110001110100110010011011110110010100000110111111111111110
0111001111100001010100110000001011100011001001110001001111100010
1111101000111000111011000000101000010010001110000011011100001111
1111101110001100011001101100111010001100000110011011010100011011
1110011111110101111100001101001111111001011001110101001100001101
0110110111110111010000100010001100101011010000010100011111101000
1100100111011001000100010010011111100111000110011111011001000101
0100010110001000011101111100100000111111111101000101111110100100
0101000000110111111101011001010100001110011001111111011000111011
0100010100111000101110000111110101111011010011110001110000101101
0001110011001100110011100101101011010111101101101000101110010000
1100010100111111010100000000010111010111010000010010101010011100
0100011011110011110001100000010100000110001000011000000011000001
0100110100100110011110000000101010111000110001011011111111100110
1001100111110100000000111001001011011010111101011001000000111110
0100110111001111000101110010100100001011011111101011100001001011
1110011100011011111011101001100111110101010011011011010110010001
0101011011110101110010011110111001001110011011100011000010111011
1101101110111111110011101101011100100011010001001100100001010010
1001011001111000011111010011000110111111001010100011110110111110
1110010010111111000110011100111101110010011100111110001010000110
0010010101000010110101001001000001111001111000101111111110111010
0010110000010110101000011011110011111101000011111100010011010000
1001000101101010111001110101100000111011011111011100101011001101
1000110111111111011011101101101001011010101101111100111101011110
1011010000101100000000010100101010111001010010111101111110100100
1011010111101010110100101111011000000100001010000100011101101001
0001001101110101010110101100110000011011111111100011000101000100
0110100000011100111000100001010110001001110010001101111101000000
1101000001100000000101111011101100001011010110011101100111011110
0110100111101111110010011101011011000100011011101110101101101001
0010100100000101111100001001000011001111101011101001010101000010
1110111110010110000010111010000010011101100001001110001101100011
0110000111101111010101101110111001010101010111001011010111010110
1000100110010010111100011111111111111001100010000110010110000011
1010101010011000101111101111110100110000010010101110000111000111
1001001010111000000101011101101000011001010101101101101111011100
0001100010011010010101111000101111111000000010111101011111111111
1000010110001111111100011101100010011010110001100111111000010101
0000011011100100010100100100100101101000011100011110010100001011
0101111001100110110110101101011000110101011011101110000011000011
1110011010110000011010011010011111111110010111111111100010100101
0011110110000001000111101001011001000100110011011100011011000100
0001101110001001100001100101111110110011100101110100111110101001
0001110111010110100100000001111111011111111100101001010001101000
1011100000100000100111111000111111101011001100110001100111100000
1000101000111000000001101100100010001010111101111001010010101011
1101011110001010100011100000011000101000110011001010000110001000
0000100111000001101000110111110101011101101010111110010111011010
1101101111111111110001010010101100111011100111100100111000100011
0000110011010100111111110110111010101100000100111110111110100000
0000011001001000111010011001001000010001110101000111111011010100
0000100010001101111110100100110111000100001001101100010111001000
0110101101011001011011001110000011011110010111110110100000110011
1100011000001000100110010101001100111111110011000100011001000011
0000111101111000000001011010100000101110011011001100000011010000
1011111100111010011101111110110111101000100101111101110110001010
1000010100000000111011110001010101100111100110110011100001010101
1010011101010110101110011000001101101101010101011011100011001111
1000101111111110111000000001011111110010000100011001010000110010
1011101110111011011101010001000011010110111100011100100001011001
1011000110110110110101100100011001001010111110001001000101010001
0111000000010110111010000110101000001011111111011001111011101100
0000010011100100010001001011001110100001110111100111011110101110
0100011001100010111110100010000001000111001011001111110100000101
1011101101000100001011100010010010111101000011011110000000101111
1101110111110010011100110100110101000010001110111101100110011101
0011010110101100000101000110111001010010010011100001000101100001
1101101001101110111000101000111001010000110001000000100010001111
1110001011100100100001101000000100111011001001001001101011101011
0010010000001010011101100101111010001111110100111101100100000000
1100011011011110010001011001001111001101000000000111110010111010
0100011011010010001011100100100111000111000001111100010100000000
1000011101101000010010101100111000110000010101111000110110001110
0010011011010011011100101010100000110110001001010100010100011101
0010111011101111010000101100100101011111101000101100101011010000
0101100010101100010100110000010110011010000111001101111101001111
1100101000000100010011011101000010111100001110011110101100001000
1111011110111110001101100000001001100101101011001001100001110011
1010000000001001010011100000001010110010001110010101110010100100
1101010011010001101110010000011111111011101000111011011011110011
0010111100101001111110110101011101011001011110110001101010101101
0011011101011010100111111110110011101110111000001011011001011111
1010011101101110011100001001010100100110111110000000100101001011
1001110100001110010011100101111100010001110111000100111110110101
0000001000101100110101100000100100101000011011010000111110101001
0000010100011011110110011110000110101001100010110010000111111100
0011011000011110111110100010110010001001111010011100110010010100
0011101010010011101111110111001011001010111100110001010001010001
0100000100111101110001100010011010010100110010000101100011100100
0110000100110001110111010011111111010100010100011011100010100001
0010100111101111111111001110110100010010100010010101101111010100
1001011010010100110110110001100101111001010010111101001010010000
1011010011111101000000010000111000100110110101011000010011111110
1101100011001011000110001101011111010000001010101010010101000101
0000101001001101111110000001100110111110001111000000110101000101
1011001100100010100010001111011110100110001011110010110010110001
1010101100011111110111101000011001110100111111010101000111111110
1100000001101111101111100111111000111000111111010100000100101000
0010001010100100111101010111000011000111011011101111010000101000
1011010101000011010011101101010001000000101011101000000011001001
0101001000001000100010001100110100111110000010011000111001000011
0000010000000101100010110000010110001110100101011010100101100010
0010000110111110100101011010101100100111010000101100110111111101
0100110000001110110001010000001100011100111101001110000000100100
1111111000111001011001000011011100001110111000000011000000000111
0110010100111001010000011010100100010001101101100000011101001011
1001010111110010011000001111111001111100101100101011000010110100
1100110110011001011110111001111001000000101010000001111101001101
1000000010011110100001110010001100000001110010111000000001011000
1001010001010001111011111111001101100110001110110110010111001010
0110101101110101111000101110101011101110001110001001100110011001
0111000000011110100101010001111110110101100101010100110010110000
0001100011000010010001111111110100100000110100001110111000101000
1111100100010111111111111101010101011100101111000010010000110000
0110001111011100101011010111110000001100010100001001110111100011
0001010000111000110010100000100110010011000011010111110000011011
0011101110001100011011011110110111001101011110101000110011001000
1100000111010010111000011100000100100010011011110100110001010011
0000100011110001010100101111111010100101010110011010101000100001
1101110111110101000010010001010100000100100010011110101101110011
0011000000011001000101101100101011011111110010010001010110000100
1001000001101100000011010111001101001010110101101110111110100110
1011010101101100111100010100111110100110000000110010001110111110
1011100101010100101111001011001110100101000111010001101101010010
0000001010000111000110101011110011010010110110000111101011011100
1010111101011010100011000100001100100100011101101000101110000010
1111011000001010000000111111000000000110001000111100101100100011
1111010000011001101011010111101111000000000000101010101000001101
1001010100100111111001110101100011010111111010100100001100101010
1001000111010100111110111111101001010100100010100010101111100011
0100100000111000001111100110001011001010101110001101001001111100
0111100101011010111011100001001101001111101110010110110100011011
1101011001101011010001110111000100000010001001110100100011100110
0010010010001111001110100001101111011101100001100110100011100101
1110100010000010000101001001001101010000111101000110111111000101
0110111001100001110010010101000111001000001011110100010010011000
1110111011000011011111110101010101111011000001011111101110000010
1000111100101101101110001101010001100101110100011111011111111100
1010010111101101011101110001110110110101110000111111000001010001
1001100000110110000000111110100101010101001010100111000000011011
1010110111000010010111101001111011001001111000101100011100101010
1100111010101101110111100000001010100010000111010100000111000110
1001101011101101000111110000111111111111100101001101010001001010
1001100100001011010100000010001110101101000101010010111000110100
0100000011111101001001010111110000111100001111011110111011100110
1110111101100010111100111010100010100011110101001111001101001111
1101000110110001000100001100010011000111110010110001000000110010
0101011110100101010110010010111010101101110101001111101100101110
