0110000101011110110011010001100001011000110101010000111010001011
0101000110011100001110111010101010011111111101010011110100001101
0111001100001010110110101100010110011100001000111111111110111101
0010111000110101000000100011000101000110011001110101100110001111
0000001101011000010100010000110111100100110001110101110011011111
1010001000011101100101100100000110111000111100000111001111001010
0110000011111111010110011011101011111001101011100001001100101101
1001001111100101101011011011100010011111010010011010001111110110
0100011110011000110101011101000101010010001011101001001001100101
0101100010110000110001001001101110101111011001011010101101011110
0011111100010011001101000101010110101010010001000001110000000100
1111011010100010110010110110000001100111000100001100000101110000
0110000000010111110011000011000010000111110110101011010011010000
1110001111000010101011100000010100111101000011111001010110001000
0100111111101110011000000100101000101010110110100100010100000110
1011000000111011110011110110101111001001111101111001110001001000
1010011101111101110010100000011010000010110000001000101011111100
1010111011001010011110001000001001010011001101111100011001000010
1011101110101001010010101010100011110110011000101100000011011111
0100001110000001110010100011010001111100101000101100001110110011
0111111111111111001101101110111000100000001000100110000100001100
1101100111111100011111111010111001100010100110111100011001100010
1100100011100000001000010001001010100000011001010011000011011110
1110101010001000001011010111010001101011100000001111101111110000
0011101010111101010100110011110100111110100000010001000111001011
1001100000100000111101111101110010100001001001010001111100101000
0111110111111100100000101101001010110011111111100000011001101111
0010010001011011101000101000101000011010001110100110000011000100
1001111001110110111101111000011010110101011001111001010110101100
0110111100001011111110000010110001010000110110111111000011111010
0111110110010011011011101111001101101000111011111101101000101000
0100110101010001100011111100101001000000100001011100001110100011
1101100001001100011010111100011111011001110100100000000111100010
1101010100111100011100000010111000111100100001011000010100111011
1001000111111000101110100010111011111000000100101010111101100100
0110000100001001101110101010100111111101101010011111110001100010
1011110111000000000100111010010101001101100110110111110111111100
0100001111100001010110101100001000001101001101111101010100101111
0001000110110001001111100000001111000000000010101011100110010101
0001101100011011011001000001101100011110010111000000000111110110
0000010111100000010111010011111010111011101011011010010010101010
1110011101111111100010000010110010010011110001010000110010110111
1100101111001000101011000101111001110101011110011011011110101001
1111100001100100011111100001110100011111010100101011001011000101
0110000110100101110001110001111100100010110110000111011110010111
0011001011001011000111000111100111011011101111000100111000011001
0001001000010110111011100011110100010010111101000010010001101100
1101010100001111001011011101100100010100110110010110011101000000
0110011101100111001010011001001000011001101100011001100110001100
0001001101101011011011101010000111101110010111010110111011001010
1101001110111000010111111101010011001100001101101000101011001010
0111001000011110111111111000010001101010011010000001001100111011
0000101100011111011001110010110010010010111100110101010011011110
1111011101110011110100100110101010000110010000110011111110001111
0011010100010010101001110011011100110001011011000011101001101111
0010110100101011010100111010001011010001001100110001000010100111
0000010111110001101010011100111101001000000111000000110111011010
0100010000011111001010110011010100110000100000110110111010101010
1000110110100111001010001101111010100001100011010001110011100000
0110000100010100001000100101011111111010100110000001101110011011
1010101111000110100100011101001000001010011001110010010011101110
1011110000100101011000100111010010111010010001111100011001100001
1000100111011100010100000100010100011011100101100000001110010100
1001101101001001000000101000000000011100001100000110111100010011
1010100110101110101011100110101011101111001100000101111110001011
0000011001011110111010110111111101000100100010111110011011110100
0100010101111001011100011111010110010100101110000000010010001101
0111010001011011100011010011011010110101011000011100111100110000
1001010000011011101111001011101001000110101010010101110010010010
0001110111101010100000111110000011100000000011100110100111110101
1010010100111100001010111001001111000010000101110011000101000011
1111101000001100100101000110100110111110111010000001111110000110
1000101001010011101101001000100110110001011100110111110011001010
0010100111110110001101000001000101111000001100010111010000100011
1111111101010111000101111110001100110000011001000001100101100011
0011011101110011101100000001011100001001111101010110010110101101
1011000001111100010110011010101101011000111011000001010100101110
0111110000010000011110011000110111001011101011010110111101101100
1000101110001001001101110101011100101010111100000001101001101011
0101010110110100010100001111000110111110011101011111000011110010
0011010101100001000100111100100100111110011001110010111100010001
1110000000100001101001010010010001000011111101010110111100000000
0000010100011000001011101001101011100001111111100000011111110010
0111100110100001110111001101011000100001010100101101001010101100
1001011111110000000101101100000101001010101100101011111101110011
1111011100010010101011011000010101111000100101011001010101100000
1001001000110000101101010111011011110000010111010100011010110000
0110100000010100000000000110110101100010010101010000100000010010
1110111010100100110111110101101101101001000110010101010001001010
0001110110011010101111100110000101000001010001101001100111111100
1010010101000111100101100100100001001111010011000011010000111000
1010110100000011011011100011111110100111010100100011111001101011
0010110010000011110001100011110011011000011010011010011100101101
0111101000011111011111000111011000000101000110011111111110010001
0110100100010110101110011011000101110110101110011101101100001100
1111001100111110111111000001100000011011101000001111011111100111
1011001010110111111001111010101000110000101011010100010000100101
1110100001000110111000000111101000111001110000110100111001000010
1100010110000000111100000100010000100010101111010111101011111110
0011100001100010001010100011111100100110010111111111101111000100
1010000000011100001100001111011000101001000101111000101001101111
0000101011101111011100000010011100001000011110101011001001110001
0010011010001001011111011101110100100010000010111101010100111111
1001100000000010001110001100010100010001111110110011110111010100
0001000010011011101011111001010010101010100010011110010011101011
0000010111100011000101000111110011101101010010110101001000001111
1011000000100110100110111110100010101011011001011110010000111110
0000000010000101110010000100011011101100100010000001101010000110
0101000011000110111011010010111100001101111011100111100101101010
0000001000001101000111101100011111100010001111111011001001111110
0011110000100010101111110101101101100000010110000000011110101100
1101111001011110110010101101111100111010010011100110011010001101
0111100111100010111011001100100000100111111101101010100111010001
1100000101111110011010001110101110110011011101011010010101111111
0110000111000010011111011010000011110000000010110110110010111110
0001101011001101101110101111010111010101010000111100100111100001
1110001111010100010101110010011010010000010000110010110000100000
0001011000001001110110000111000101011001000110010011100101000010
1100001101001001001101011110101010111111100010110011111111011000
1000101100010010111101110111011011000101111000000000001010100000
0001110111110100101001000001011110111111110100011101111010101010
1010010000110100100001101010110010101011010001110100101000000011
1101001011110101110100011101110111001010000101000110110100100010
1100111110000111111100011111011010010110011100010000101010100001
0000100010010011110111101101111000000011100110100011110111001111
0001101011110011000100100100001010110001001000010010000010110001
1010001111001000101100100000000011110001010000010111000100000100
1101000101110001010010101000101100111110100000010110111111101000
0110111100101000110011110110010110011100001001110101100111010000
0010000110101111001010011100110010010100000110111001011001000000
1111010100001000011000001111010110001001001011001000010011101010
0000101000011111111000110111111110101011101010011100110101100000
0011000111010001011000010100111111001100001010111010001100100011
1110000001001100111101001011111000000110010010111100011100100001
1111000110110001111100110001000000110001001000111011111100001010
0000011000010001110010001001111111011000110000100100111000010010
1010010111110011111101111001100000110101101100010001100111100011
0000111110000101011110111000010011000001100011100110010100101100
0111010011110000111110100111000101101001000001111111101000100101
1101010111110100000011010100101111011111010110110010001000101111
1101001001100101010101101011000100111011010001000010101110010100
0101000011111101001000011111000100000111101100001000011000001000
1001110111100101111001010100111011001100110101011100110100000111
0110011011011111111010101001010100101100110000100110010110100110
0000010001111010000010011101110011100010011010101111000011010110
0011000101101111111110101010111011000001001110100001010000101110
1101111011111110100111011000000111110101101010011000110111111110
1000100100100111100110010010110010101111010101011001110101011100
0100011001110111110101101001011101011000001100000001111010100110
0011101010100010101101000101101000100110101110111010100000010001
1011100110011111010110011101011001101010101111000000100001111000
1001101011100010010110110110011100001111001011010001001011111000
0011011001010101101001101000100111111001110110100000001101110001
1101101101100111110010111100110010110100000000000100000110110110
1010110010100101101101011110110101100111011011111101001011100100
0000101100010111000100111010010011001011001010110000111111110111
0111001101101011001100010101110000100000010011010101101100111011
0110010111101111000110100111100110000100000011100000000000111100
0111010110111100111000101000101110110010110010111000110100001000
0001111111011111110010000101101000101111000110001010011001000010
1101100000000100101001101101001101011010101010110011111001010101
1111001100101011111101011111001010100110000001110110010110011101
0100001100101100000101011100001001010011011000100100010101000100
1100100101010011100010111011111111101101000101001011110001011001
0000010101100111011000011010101101111010001000001010111010011000
1111100101001010001000001110110011011001010000110000011110001100
1110010001110001110001001101111111100001110100101011010101011000
0111100110000000110111100000101000100101110110110010100001101000
1111001110011110110001001011010101101010111110111000000101011010
0000111111000011010000101110100011001111000010110110010100001011
1100010010011110011011000010101100011110011010101010010111101100
1010110000100101011100100101010000101011111011001111010110110010
1100010111101111001000101010111011011000011000111101111111101111
1001001110001010111110100111100000100110111011011011001111100011
1010110011001111001011010100011011000110001001101111100110011010
1001101001000000111110100100000000001100011110010100011010100010
0000001111101010011000011101011111110101111001000001111011101100
0111111110011110000001110000111111111011000001111111010110101001
0110111001011000000001111111101111010111000111101101101111111000
1010100110100001100110000010111011101010101100010010101010111010
0110111001010001110010101011011110000011100100010101000110000000
0001111101111101110100100100000111011111011100110000011100100110
1001011001100101110000011110100001111101100101101101011000100110
1000001001100010001100101011001101001101010011000001001100001000
0101101000111000001001011001000000011100110101001101000001101000
0011101011110010111110100110100011000110001110010111111001110001
1010100101110110110011001000000011011001100101011000111000001100
0011000111111011100100111110110010101001011110110100111100001000
1001011010101110010010001111010110010100111101110111100111000011
1101001101110101110101100000100100100011010111010111101010100011
1011100010010111000110111011001110111101011111001111000101100111
0001111101101010000011100110010100001000110001001100100010110111
0101101000100100101101100010000111011000100010101111101111010111
0000010100101110010001011011011110101011110001010011110011111100
1101011011010101011010010101000101111011010111110001110010100000
0010010000100011111101101001110100101000101011110011110010100101
1110110011100101001001000110101000011100001111011000110010111111
1110110001101100010101001100100011000111111011110000000111010101
0111110011111000010110010110100101100101000000001001010100100101
1010111101001100011001011110001101011001000111010110001011111011
1101010001101110100011101110111111010011110011000011001111110110
0100000100101011010110100010101111000111101110010000101011111111
1011111110010111100101100001011110100110111001011101011000011000
0111101110010100000111110101010111111111001111110100111010100100
0000111000000101111001110001010000000001011110011010101010000001
1010100100111110000111011111010011111111101100111101010001111100
1011010010110001100011000011110100111001101011110101000100001110
0111111001011000000110001100011110010111010111000101001010110101
1111111011011110001011111001011111110110101110000001111000001000
0000111001001001000100111100110001111110001101001110100101001000
0100000100011000100001111101110111110100110010100101101111111100
0100010101000010110110101001001011001011101011010111110110100010
0110111110111101110101110101100111111110000011011111000010011000
1011110110111010101101111010010100101100111110100110001000000001
0010111100101000101101111001000111010100110010001010010000111001
0010101100000111000010000111100110100011010001100001000011000111
1100000110110010000011001100000011100110111011001111100010100010
0011010100001001111110010100110111111001111010011110101011110101
1000010000010010000001001110001000011010111110001010000010011000
1001001111010101101110100011010000011011100011011010001011010010
0100111111101100011000000101101101001100011001011101110000101101
1111110100110101010100111011110110110101000010101110101101100000
1100111110000011100111010011001100011101101111100001101110100000
1111000000101101111000101110001011100100111100100011100101110100
0000010010000001101010110010011011100000100101100000011111001001
1000000101001011000110100110011011001001111010000110011100100111
0011100110011010100111110110101000000000000111101001100100101100
0000100110011110101111101000111111101100111100001010000100000011
0100101000110001111011010001001110001100111001110001001110000100
1100001000000100101111001010101101101110010111010111111001001001
0110001001000111010001011010010100110110111001010000111110110101
0101101101011001000100100011010100111001011000111100111000010111
1011011111001101100101000100110110101101000010100101011101100110
0110101011101010001011001111001110100110001110000110101111101111
0000000100000111111010001111111000000110111010100011101111011100
1011100011001010101101010110000100001101110101101010101001000010
1101011010001010111011000101101011010111001101101101101011110101
1110110001111010001010110100000101111111111000010110001110011111
0001100111000001100100001000100110110111101001111001110110110101
0001110001111001001101000010011000110000111010011101101011000100
0100110000101100001010010000101010111100111000100001110001011111
0000010111110001010001111111100101011111000011010101001110011111
0010011000100111111010100110110110110110110100000000000101110001
0100111001000001010010101011100011010110000100010011100110000111
0010111001111101100111111001001111100101000101100000011100101010
1111111100010100101001110000011010100101111100100110000001110101
1101010001110100000100110100010001100010001010110011000011110101
1100000100000000111010101111110010010011110010101011001100111111
1001011101011001111001011101011011011011010000101101011010011010
0110001000001101000010101001011101001111101011111000110011010111
0010101101001011001111101101110010100111100100001111100101000100
1001100000100100111110100101001000100010011001010011111110010100
1011110111100001001001110101101110001011100101001101101100000110
1110011001011010110110010100110100011100000111010001111111001010
1100011001000111001110001101101111010101100010000000000101110010
1010000000110001101011101101100110111111111001101010010111000011
