1000101100010011110110001000010110100001111011101110011111000010
0011110101100011111111000111011000110000111010010111101001101010
1100110010110110010100010010100110100011110010101101111000000110
0101110111110100011010100100011001110111011001010110000000100011
0000111110101110001100000100001110100101101101100111011111101100
0011010100100001010011011100011111100110000100011101110000100010
1011011101110000010100011100100101110001100000100011101111000010
0010100010001110111101011000000011101000100011111100001101101010
0100001011000110111111001110111111001010000101101001111000110001
0101010001111000011100001111111001001000000111100101001100111100
0010100010001010011011011000011000100001011101000010000100101100
0000100000110011100000110101101111000011010101010001010001101001
0110101001010010101000001100010110011110001011101100110111011011
1001100100000011001011010011001000100100101001110001010001101110
0011010111001011100110001011110101011000110000011111100111100000
0101100000110110110011000110111110011110110111110001111100110001
0011000000111100011100000100000011111011011101011101101010111011
0110111100100011101001001100111101101100101101001000010110000111
0010010001101010100110001010100010111111110010011101110010111101
0001000001111011110010000001111011001100001010100100000111101100
1011011011111100010101011111001011000110010000101110110011100010
0011010000010001010011110001001110110010101110101001000010100100
1001111011110001010100110100100001110010001111000101101100010000
0101111101100011101011110100110100110000000110101011101111100110
0010101011111101011000111100001111000111111100111000010111011100
0011001100010000001011011001001100011101011000101000101101101011
0000011100111010101000101000000000001010100110100100001000100001
1001010000011110001010101000110000101110100000011000010110011111
0001101010001000000100111110010001100110000011111101111011011011
1000010100101101001111000111011100001110101110110101010001100011
1110110100111100010010000111000001100000100101101111100100010000
1101000001010110100011101011011011101001111100011000101011001000
1011010110000111100100110101101000011001111101011000011110011001
1001101010010000001011010110001001010100001000011100011111001000
0110011100100010001110101101110001001011000110000110111000111111
0101010100110101011111011000110111010101111000000001110010111001
0000101010111100100011110001011010110111110011001000001001110011
0100010111111010101111001011101110001010101000010111111000110010
0001010000100000110101110100100011101000010000100101100010010001
1101111101101111110100111011001110111111111111001100011111010111
0000101111011101010011111110001100000111110101001111100010100001
0011101101111000001011000001011100011100110100001100111011101011
1101011011111001011011100011110001010011110111000001000001110001
1011101110000110000000000000000100010000111111000100001010101111
0111000010010010110010011101111110010111010111011000110001011000
1111001010000000000110110000011100001110100010111000000001001101
0100101001010111111001110011001110111111010111101111110001101001
1100100000000100001110110101111001101110010000110010110110011011
0001100101001001010001001101010010101111011111111101111001011001
1101110100111111011010100111010001100100110000111000100010111011
1101010000001110010100100010010001000000100010010001001011110000
0011011000011111010000100001111101101010111000001011000010001010
1101111100100110110110101111100010010101110010111001011111111110
0111111111111111001001111010001011100110111011101011001100011100
1110001010001011001110010011100110000101111001000001000110011011
0110000001110110011100110000111010111101000101000100010000101101
1010000000111101011111101101110011001001110011110000001101000111
0011100110011110110000010010111101110100001000000010101100011111
0000111111111001001000110000110001101101110001100111100101011101
1011100000101110110111000011010001001011101000010111001001101011
1000001110110101011110001001001100001100110111111010011001000101
0110110100011101100110111010010100100000001010010110101000001100
1110010100110101101011011110100011111110110010111011011011010101
1100010010111000110011011000010101100110001011001100010101001001
1011010001110001111110110001111000000010011110000100100000100001
0010101000000101111111001111101111101110101010111000000100000001
1101101010111000000001011010100101001001110111000100111100011101
1001001111001101011010111011010001000101101111110100010100110011
1011011100000100010111101101101011101010000111111010111000001100
1101001110001111011101011000111001100100010101010011100011010011
0101101000000010101010010110110001010110011010001000111101100100
0001101110000100111100100011101000010001101001111111000101000111
1100010110111100011101110110101000010111011010111010011010010101
0110101100011000110001010100000110011010010001010011001010100111
0110001100100111011101011010001010011110110010001000001011010010
0000110001101000001101100001010000101101000100101011111001001110
1011110110000000001111001111110000010011111011110110100111000100
0010101010010110100011100111001011111110110011000010010100100111
0001110111110111001011011011110010001101001011101011100001010111
0100100000000001111001101101000111010011001010001001000001101100
0111001011101000011110001111101000010011111101000001011001110110
0000100011001101011011010110111000001001001111111011111100110101
1100111100100101000101001000111101100110110100010010100001001001
1011110101100011101100101110011000100000001111011110101001110010
1101100100100101101000100011011001110110110100110001110101000011
0010010001111110010001001010010111101011000011000111011001010010
1110001110011011000000000001110000001100011111000001100000010111
1001100001011011010011000010100100111111011110111011110000101100
1010011110101001011011110001010010010010110011000011010000010111
1101001011100011110011101000011111110000100101111010000110110010
0101001001011011100000100111011001010011001111111110100010101101
1100110111010011011100111111001010101000101110000000001101001011
1101000010111111000000111001011010110100010101000010110001001100
0011011001010010010110100100101011011101111001001011000101110101
1111100000111111111111000101000111100111110101001110101111010110
1001111000110010110100010001100101110010001000110011100010111011
1001001010000101010111001000101001001001001101011111011100101000
1111101001000100101101001000000100011010001000110101001101110001
1101111011111010010000001101110001011001110101111110010001010110
0011011100011100100100110010011101000000010100010111000111001001
0101000000000011100011000110100001111101000111101111111010101001
1101011011100000111001001011001111010000111001110000011001100011
1101010001101111001011101011110100101101000100110111000101010001
1001000110111110101010101011011110110010100100011011111011010010
1000011111000001101010000110110110001011100100001101000100011001
1000000001111101011111010101100001001110000111010000111101010001
0001011110000101001101111011101011011101101000010110010010001010
0110111001101000111001101011010101110100011100111001111001010100
0011101100011011111010001001001011110001110010101011000101110101
1001000000000000100011001101000110111110101101110001000110001100
0110101101011000001110110000010100100010011101100001001111101110
1011101000001001010111010000000110101000000110101010100101100011
0001111011001100101101000111100101100101010110101111101001100101
1011011000001001100110011100101111100010001111100011010110111000
0010110101001000101110100111000100000001100010000110011001111010
1101001110101101100101110001111000101111011001011000110110111111
1111011101100110101101101101011000100001110100010111111110001001
0111101101011110011101011000000000110111001010111100100111010000
0001101011011011000001110010010101110111110100011110111110000010
1111110011111110011100110011001111100100101011010001011001010100
0111101100001011111000011000000010010000111101000110111011111001
1110010010110011000101000011010011011001111110010011000011100001
1100011001001000101000001110111011100101001100001001000110011000
1100111010110101100010011100111100001110100000000100111101010111
1111010110010101100011011101001001101000100111100100011001011110
0111111011001010111011110111111101000011010001100011011100110100
0111010010011010100101111101111001011110010001100111011111001000
1101000000010100011101111100011111001011101111011111011000110111
0111011100111011011010011100101101111011111101001100101010100001
0110110101010011101001000000001101110001001110001000000111101100
0101101110110111010000001010010011101110100101001010000101001001
0011100000000111000011001100110000011010111111101000100010011000
0010100011001100011001110100001101011010010111000001001110110100
0010111110101000111011001010111000011111011001100001100011001110
0101000001101011000011111010110001101110010011001001110001010000
1011001010111000001101011000101000000101010011100101001100000111
0001110010000000110000101100110111101001101111101111110110001101
0111100111101110010110101010000100010110011011100100010011111111
1111111101000100011101011001100001001110000010010000101110011101
1100110000010101000000101101000100010111011011110100100011001000
0100111100100100011100111010110001011111010101001100111000010000
1101101101111110000111100110111011101000001010001100010000011101
1110111000101101001000110111010101001110011100001110010011111001
0000000100111100001111010011100000001010000110110110100101011011
1000011011100001001000000011011111010010110010011101100110101100
1001001111010000010110111111111000000001111001101001010011101010
1111111100001000111011100001001001000010100100000111111010100011
0011101000000001001001011001110001101010110101111101000100101100
1000000011010111101010001110110100000111000100001100111011111011
0100110011110100100111111011100010011101100110010000100111110010
1011101001010111101111010101100000001111001110100101010101110010
1100100100110110010001011101001001100110000011011100000010011001
1110101000111000010100001101100010111111101111001001011100011111
1110000000101100101011010101001101010110101011100000111001001000
1001011000110110101011100010010100100111010001110001001010011010
0101101100100101000000010000011101101110001110100001110010101110
0100101000001001101111111001011110100000101000011101010110111001
0000011101111101101101000011000011000111101100001100100110011011
1000001101011011100100100110110001000101111100000010110101110010
1011101101100100000010101101011000001010110001101001011100111011
1001100000100011011001011101011101011111110000100011000110111110
1001110001110000101010001000000100101000001000111111011100010111
1111111100001001111011010000010101101001000100000110110011111001
0110101110010111101111010001000101100010100010111011001110000001
1010001100101111110000010101000000110111011110100011111110111011
1111001011100001000110101001110001010011111110000011101010101010
0010011001100111110101101010100110010110111100011111011010101010
0000101001000010011101010110101100001010001001111111110001101101
1001100010101110110000011101000111000011001000011011010011100001
0111111101110011100100001101010100100100101010101010000111101100
0101000111100000111011011100001110101100010010010001001001111110
0110111110101111000111101110100011110001001111010110100011110010
1111011111001010101111111100001110111111100010001101111110111011
1100111101100000011010110000010110000101000001111000101110010001
0010011110101101111010111011110101010010100100001101001100100000
0000010101101101101110110001011110010111000110000100100110110110
1110101010000010000000010010111010000100110000000110011010011001
0111110110011101000000111110100000001101110101000001101011101000
0110111000010010111110111100000000110000100110111000100000100100
0110100000100110000011111101001011011110111011101001000111101110
1101001101011100010100110001010100111010111110011100001010000110
0010111000010011011010111111010111011110001111001110111010100100
1110110011001011101110010101111100111001110001011001111001111000
0111000000111111100000110000010101000100100110010101011110101001
0110001011001011000000111111011111101101110011010110010001010000
1011110110001100000011000001001001011101100100100101111101101010
1000111101010010100100101111011000001000000110110010111101111011
1110011000110001011010001100011001100001101100011010010001000110
0110100001001100000001100010100001101101010001010110110111100011
1111010001011000111010111010100001110001000100011101000010011000
0101100100101011001110000001010011111101010100010000011110100110
0101110010100000000011101110010101001001000110001111111001001100
1110001101001110110000100111111111110010010001001011001000000110
0101101011100001000000001000111001000111001101110010101000000011
0011011001001001101101100100000001001101011011011010000011100100
0010000010111001110111110100000000101101101101111001001100010011
0101001111011101110011100110101010011101010111000000011101101110
1001010010010110001000101111101110111010001111011011110110001010
0001111000001111110101010011110110011100001000101100000010101001
0011100001111111010011111101101100101010000010110101010111100110
0000101100111101110111000110001010100011011001000001100001101110
1001010001011100100110000000000101000000001101110000011011101101
0100011110100000000111100011100101011000001100110011110100011000
1100111101011011110000000100001110011100100000100000000110010100
1100000011111010101000000011010000111110110101101100111010010101
0010000010011000001011010001011101000111101100111001001110110000
1100111100101110000000111000000001001011111100110001101100011010
1110001011110100011011010011011101111101000111100111100001111000
0000000000000000000000000000000000000000000000000000000000000000
0000000000000000000000000000000000000000000000000000000000000000
0000000000000000000000000000000000000000000000000000000000000000
0000000000000000000000000000000000000000000000000000000000000000
0000000000000000000000000000000000000000000000000000000000000000
0000000000000000000000000000000000000000000000000000000000000000
0000000000000000000000000000000000000000000000000000000000000000
0000000000000000000000000000000000000000000000000000000000000000
0000000000000000000000000000000000000000000000000000000000000000
0000000000000000000000000000000000000000000000000000000000000000
0000000000000000000000000000000000000000000000000000000000000000
0000000000000000000000000000000000000000000000000000000000000000
0000000000000000000000000000000000000000000000000000000000000000
0000000000000000000000000000000000000000000000000000000000000000
0000000000000000000000000000000000000000000000000000000000000000
0000000000000000000000000000000000000000000000000000000000000000
0000000000000000000000000000000000000000000000000000000000000000
0000000000000000000000000000000000000000000000000000000000000000
0000000000000000000000000000000000000000000000000000000000000000
0000000000000000000000000000000000000000000000000000000000000000
0000000000000000000000000000000000000000000000000000000000000000
0000000000000000000000000000000000000000000000000000000000000000
0000000000000000000000000000000000000000000000000000000000000000
0000000000000000000000000000000000000000000000000000000000000000
0000000000000000000000000000000000000000000000000000000000000000
0000000000000000000000000000000000000000000000000000000000000000
0000000000000000000000000000000000000000000000000000000000000000
0000000000000000000000000000000000000000000000000000000000000000
0000000000000000000000000000000000000000000000000000000000000000
0000000000000000000000000000000000000000000000000000000000000000
0000000000000000000000000000000000000000000000000000000000000000
0000000000000000000000000000000000000000000000000000000000000000
0000000000000000000000000000000000000000000000000000000000000000
0000000000000000000000000000000000000000000000000000000000000000
0000000000000000000000000000000000000000000000000000000000000000
0000000000000000000000000000000000000000000000000000000000000000
0000000000000000000000000000000000000000000000000000000000000000
0000000000000000000000000000000000000000000000000000000000000000
0000000000000000000000000000000000000000000000000000000000000000
0000000000000000000000000000000000000000000000000000000000000000
0000000000000000000000000000000000000000000000000000000000000000
0000000000000000000000000000000000000000000000000000000000000000
0000000000000000000000000000000000000000000000000000000000000000
0000000000000000000000000000000000000000000000000000000000000000
0000000000000000000000000000000000000000000000000000000000000000
0000000000000000000000000000000000000000000000000000000000000000
0000000000000000000000000000000000000000000000000000000000000000
0000000000000000000000000000000000000000000000000000000000000000
