1011101100101010011001001111001101100110000110011011010101101110
0110111000010100100000101100010111110011110110001100100001101101
1111100100001101001110101111110010010110111100110000000000100001
1010100001010110011001100001110101101111100001011011000111110000
1010110010101011101010011001011110111010010010111000001100001111
0000011101110101011001000011110101000100000101111101011111110001
1011110010111100101010010001101010001111000001010001111000010100
1011101011010101101010111001011111000110110000001001000100001101
0101101000010010011101010110111100001110001111111111001011100011
1101000011101000101110011001010110111011111011000001101100100101
0110100010000000111110100101000100011111100010011011100110011111
1010101101001011101010110010101111111100000101010101010111011111
1001010000010110001011001011101010110010000010111000100010100010
1000100111010000011010100010111101001001100011100011101111001011
1111110000110001001101111100111111001000010100010011101100111001
1000000100000000111011001000110110111001100110100100001011011100
1110101010111010100101100010001010010001001000000100010100100000
1111111101000001001111000011110011010000100011100100000011001111
0010001111111000010101011001111011100000100010000111010111100011
1000110001100001101000111100010110110000001001101101000010111010
0010001111010010101100110110010011001111011101111000010110110100
1010101100111111111001000011010000100000110001001111100100011100
0100100100001001010001101100000100110010100100001101101101111101
0110111101100101011001110000101001010100000010011000001100011110
1001011011010110111110010011000110111111110010110101000000111010
0110100100100110001000011110001010010100010000101111101101110111
1011000100100111111110011110000100011010001101101110011001111111
0110001011101010011101010010000110011011110100101110111101000100
0100001010101101001101000001000100101101000101100011100100111000
1110100011000011111011111101010000111110111101101110101101110110
1010010010111111000100111101111000000010110010001001101110110111
1001100001001111101110111011000110011110111010110000100100010110
1000001101011011001111100000001011010001101000001010111001101111
1110011111001110010110100110110000010010100101101101111110001111
1001100101001100010001110110100100101111001100111000110010110000
1010011011100001011100111110101110010000011111010001010110111101
0100011010101110101111011111110100001111101000011101110011000010
1001011110011111000001010101010011000100000101111101000111100100
0010101010010000110011110100000010010001111100011110111010010010
1101111000011101110001001110111010111001111110111100011010101111
1111010110111000001101101101011110111011110101011000101110000111
1100000111111001011001010011111111010000010110011000011111010000
0111001110110101100000101010011110100010110111001011011110111001
0010000010001010011011011001011010010010100000001110000100010110
1011100101001000110111000001111110000011000111010111010100010000
1110101110111110001010000011001000011000100111101001010110010011
0111101110110010111000100100011000110001000101100000111001000111
0001110101001111010110110100010101101000101000000101011110111101
1001001001011100111010101111111010111100001100111000100000101101
1011111100011110000010001100010000101111110011001100010100011010
1100100100000101001000111100010101100010010100000000000011111101
1011010110010001110101110001100010001001010111001010100110110110
0000110110101000011100110000011001100001111111011010010000011001
0011001100000011000101111100010110010001111101000001110001001010
0111001101011010010100110100110001001101010111011011100000011101
0110011000000101010101111110001011101110111000011001111110011111
0000111011111110010101011010110010000001011011011010011100001110
0001110001000110111001110110011111001000110111011011001100000011
1111111010111110111001011100111000000001011110100000011010011001
1000001100001010101010011111111010111011000110011101110011010111
1110101010110011110010010101011110000001111101111100010111110110
1100011101101110100100110000111000111111110100011011011110111101
1111101010111001000001101010110000110000111000111111011011111101
1001010100010001110110011001110101110111010111010100000110110111
0111001000011111001000010010011100111100101111111010011111110011
1110011000111001110110101000110110001101101001100111100100001111
1111110010101010101011001111111000001001011011000101011111101110
1001110011010110100100101011001101011101000111001010001111101111
1111011000010110111011001000010011010011010010100111110010001011
0010110001001111111011111111011000111001101110011110001001110000
0011011101111111000000011100001000001111111010010010000000110111
1000011110101111000101101110100101001100101000111101111001101101
1111110110101001110111111100101011011101100101100001110101011101
0000001100111011100101000101111100110000101110011110011111011100
1001101010011110001011001100111101101001010101100100001010100011
1100110111101110001111000001111101011000110001011111000011011110
1110110111101010011110111011001001001011100100001000011111001111
1100111110101000111001000001110000010100111110000111001110100011
1100000110111011100100111001001100001100000001101011100000000110
0101101100100110001000100100001010101111001001111101011000010001
1111011001100100000010111010101101101011011011011111110110011001
0100111001111011101000101011011111000110011011101000101101110000
0101011100011110100100110110101101001011101111001011011101011010
0111111011011010100001111010011101001000100010100111100011011001
1110110100110001010001100100111010100100101111000010101111010000
0100001011010000111100011000010100011010001010111111010011110111
1001100110100111101101001111100000010000000100000010111000000000
1101011011100100000000001100010010110100100010011010001111000100
0100110110000001010111111001111001011111010010100000100100110010
0000100100011011111101100110010110001100101101111010101001101110
0011100011001010000010010001110000101111011011111100011001100011
0001001101111100001100000010001101110011100010010100000010011110
1100011000111111110111011101000100110010100011101001010011100110
0100100101101011010101000111001111100000001010111101000011101111
1111011000001011011101001010010011000001011100000111010001011100
1100111000000000011010011100001011101001110111000110101111100010
1000111110011010111011110000111011001001010011001000110111110110
0011101010010111110101100110100110100001110111100010101010011101
1001101101101001000110100011011101100110010001110000001101110101
1000110001010111111011001110100110000101101100011111000110001010
1010001001100010101010011111000010000011010001101000000000100111
0110101111011011001111010011101001000101110010111100000100100101
1001011000111100100001110010101000010101001011101010010011000110
1010010010011110010110111011010101011000001100010011010000111110
0001011111101111011011000010000110010111001010111110000011100010
0110111100111111100000101011111010101001001001011011011000101111
0101110110011100001000010100101001011000100110100111010011000000
1111110111001100111110011010011101010101000101110110101100000110
1000011001101101110001111011011011001100001100010001000110110110
0000010001010000000100100010011001011010110110010111111010100001
1101111110110101111100111100011010111100011110000000110011010101
0111000110000110001110111001100110111110101101111111010110001011
1111101010011001000101010001000011000011100100101101000000010001
0010011111101001100101111101110101101101101101010011010100100000
1100111101111011000001011100000001111001000101100110011100110111
0100100111000111001100101101100100100010111000100100010110111011
0101111100100111001010101010101110101100000010011011111010011000
0110011011010001000010110101111001111100011101111101111101001110
0001010100000111000011001101100001010100100000101000000111100101
0000010100010011010010000010010000010011011000111101001011101101
1000110000001001001000101100110111010000000011001101011101101001
0010110010000011011100000011100110010001010110001000000101111011
1111101000101110000011111100011101100001100000010010100111001100
0000101000001000011101011011000100011000101010110011100101010100
1011110011110111010001011110100010101001000100111001111111000111
0100001000000101100110001001000111010110111110001101100110011010
1100010100000111101000110000001011011100011001111001011011101011
0011001100010111010100011111101111001010100100000111001010000100
1001000100100001100010100100011111101111110101000000100111011011
0010010100111011000100000010100111010001001001111111100000010100
0100100100010111000111111011001001100001101110111010001100111111
0000100101000111000101111011111110110110101011111100101011110111
1100110111000001000100101100101110100010110100011110100101100011
0001011000100100100101010001011101011110010010110111100000100110
1011000110100010110000010001011011100110100000011101101111001010
0110011010111100011010100111001010010110101101001101010110010101
1011100011000111110101110001101001011001111001111110001011001101
0110011011011000100001111010101001111100100110001101110110111010
1011100000010011101110001100111101000101000001111011011110111010
1010010111111000011100000011110101011110101000100101111000111111
0010010111010101001011110001001011000010101101011101100111000011
0101010101001100000011110000111101011010011100110111101011001000
1010000001001001010011100100111011101010000001000000000010010001
0101010111011111110010100100100100010000011011101101011011001101
1011111010011011000111100000001110010110110010111011110100111000
1100100110111111001111110001011011011001100001101110010101011000
1110010010110100011111010001111101100000101111000001010011000110
1011100111011001011101010010010001010011010111111100000011111011
0011010100100100001010010001011100101101101101010010101110111011
0001001011011101110001001011110101101101010100100010111100001011
0010010000001111010000110011100011001000010111011000110001101001
0101100100000001101101001010001100100100100000100011100011011000
0111110000011010110101001000101101001001101010101100011101111001
0111001001111111110101101111011010110001110001000000110100010011
1010110010010111101010101001001111111000001101111101010111101011
0101100010010011110100000111010010110110110110011111111111000011
1110000100100011011011101000100101101010010010000011010111011110
0100101100101101111001010111001011101100001111000000101001101001
0011011111000001111101011001100011101010000101100100001010000011
0101000111110111101110100010111110100001010000001100010010110010
1001101010011100000011011101000101111010001100111010000101100000
0010010011010011000101001011011111010111110010100001110000011111
1001101011011101100110100010101001011010111101100100101111111111
1010010001011100110110110101110110000000010000000100001101001111
0001001011111101110110101011000100100001001100101011011010001111
1000000100011001010100010000001011110110000011011001001111010011
1001101111100000110110010110101100100111100010001101011110001010
0011101110110111010001010100101010011001000100111100111011001101
1000101000110111000111110101110000000101011100011100011101000100
1001010100000011100010011001010010010100010101000101100101001110
0010101010110110000001110110011101110001100001110010101011101111
1111001100110111010000001011100011111100000100011011101100111010
1100011010010101001010011000101000111001111101000000001011110101
0001101101100101010101001011110010000010010110101101000100111100
0011100001101010001110111110001000010111100101110001001100110010
1100001101110100100111100001010011110001011101000111000110011101
1100000101110101010100011101101100110101001011011100101010001010
0111010010101110010000101100010111100111000101010000000100100110
1011011111000010010110110101010010011000011101110010001100100000
0110101110101011010101100111101011000101111100101110001001010110
0011111101011000101011101011011001011111100010011100110100001110
1000000001110000110011001000110010010101110010011000110111000110
1110001110011100010010101101110111110011000100100000010100111001
1010011001010000111101001101010000010111010101000101000101101010
1001001110101010101101100011011001100001000000000111101000100000
1001010010111010110010011011100011111000001110011100101111001011
1001001111011010101010110011110000010101000100101000001011101010
0101010100010111111100110000111101001100110101100101111101101110
1101100001000110101111100111001000110111011101011001011011011001
1010001000000100111110000110010111011101110100111101001100000110
1111101011011101101001000111110101100110000111111111100101010001
0011110010011001100101110001100100100001110111111010001100110000
0001000001010000000010010111001010011110100101100010111001010011
0000011010101001100101011111110010101100011011000000010101111010
1011001010011110011010010101100101010010011011100010100001010110
0000110100100110000100110110110010001111111010111001100101000011
0011101011111111101101001101001110100101110100011010010101000100
1100111111100110010011111110001000010000110010010010001111011111
1001001111101001011001111001111010100110001000001001111101100101
1010011101100111110001100000001101010100001100111110000011011001
0000011110010000110101111000111010010001010111110011100011111011
0111001110111010111011001111010100101000000111111100110101000100
1101000011000101010101100100001010111100011100001011100001001011
0000010100011111111001011011111000111110100010000101001001011110
0111000110000110010111101010110001000111011111011011000100110001
0110011000010101010001001111010100010011101111000001101001001110
0011100111011110001111010001111111100101101101111010100110010110
1000110011000000001010000011111111011100000000101001111011011111
0010001110001110101000000101100111101100101110101100100011110110
1101111011001101010111111011111101010010010001000001001100110011
1011001111001000010001101110100101110001111111111001011100110110
1011101011100000010010101000101111011011111000010001010011011010
0111110001110010001100101011001111001111110001000101100000111011
0001100000110100111100110000001100111111011001101001100011100101
0001111010101101101101011011011011110110000101100110010110001111
0100010010010101000101000011011010101110100011001110001110010011
1000101001110101000001000110011011001001000101011001111000100000
0110001010000011011001000111010111111000100011111110111101000111
0001001110001010100000100010010100000110111101001101010100010100
0110111000000100011001111110101100011011011111101110110101100010
0001010101111110010010101000111000001100110110010000010110011001
0100001001111101000100011110100100101101111011011110101100001110
0100110011000110111001001011010011101110101011010101010111101011
0001110011000000010000100110100110110100000010001001010101111110
0010010110100011011111111001001110101111011011111010101111110100
1011000100000010110110000010000010010100011000011100001110110111
1010001000101110000101000000010011100000011001001111000101100000
1011110010111001100110100010111101111110000001111000101011101010
1100100010000110101010101110111100100010010111100100110000111100
0011001100010101000011110010000111011000111001110011110011111100
0111010111101011010110111100001000001011001000011010000000110011
1001001111000100000001111011110110000100110100011001111001001100
1011111101101001101010101000000100000000001100101000110011100010
0111111001010111111110110101110100110101100110001110001001000101
0010110000011000000100010000001111110000001111001101111111100111
0010011011000101001001000000011001100100011001000000000111011000
0110011001010011110110010011001100110000000011000111100010000110
1100000110100010001001011010000010110011110011110011101101101001
0001101010111001100111110111011101111100010001001011011001000101
0000001000010101101011110011010111011100101011011001110100011011
1001100110101010110111011001101001101011011111101110110101001011
0011010011111110010011000011111100101001000010000100011111011110
1011111110000101110010000100100010011110110100011000011111001110
0111101001010001000111101010110110110010010001011000100101101101
1110100110001111110111010101001001111101101110111100111100111100
0001100010111110000101011101001101010010111111111001011000000000
1110011110001010011110111111000100101001101001100001110001001100
0101011111100001111011110111000000001101110100000001100010011001
0110100111101000001000100001100110011001011100100110110011101000
0100110101101011010111100101101010100110110010000100001011110100
0111111101011110101100101111100010110110110110001111011010110111
1101101010111010110000011101010110100001100100000000100010111110
1111000100110100001111101000111001100010001100011101010011001110
0111101001010100101001110010001000101100001001100010000001000000
1110101110101010001111011101100000101111101100100011010111001111
1001110101101111000101101110001011001000101100110001101010010110
