0110100101000010011010011010011010101101011010001000001000111100
1011010000000010011010100001110111010101000100011010001101100010
1011010010011011100101110011101101111001010000111111100010011101
1011111001001100101010001111011100111011000110010010101110001001
0001011100110011101111010011100101001100110011010000001100111000
1010110011101100110100111111011000010001010001010011010010100100
1111011011000001010100110011001110101001011000110111110111110001
1010000000101001001110101100011010000111110010101110111100101000
1011110001101010110001001000101010001011000110000101111010000010
0100101100101011110110000111101100001100011111001101101011100101
1111101110111111010110111011011110110011000011101011001010101001
1101001111010001110110011001111100001101110101000111110110001011
1100110010100000111111100000001111011011100110001010100111010111
1111001001101000001101010110101100011101100000001100110000100001
0001001111010111101111101010100111111111000010111010110101011011
1111001001010110001111101010011011000111011001010010001101001110
0111010011000000010011100101001011001010100111000001000010110101
1110010001010111011010011000100010100111100001101001110111101010
0000001110110111011000111111100011101110110111110100100101011000
0100000010101101000101111000010010101111110010100101111111001100
0111101010110010011100100111110100100101010000110110101011001111
1000000010101011110100000100010111000110010101001011101001011011
1001010100000010010100000000001000111111000000000001100100001000
0111010000010010100010001110101010110011011000101000111110110001
1100101110100001000011111000001001100000000110111011000010101000
0010101111110000010101100011110010000101100001110001110101100100
0111111000000010110001000000100011011111011010101011010011011011
1111001000110011100111111001010000010000001000111000100110000111
0111001010010000001101111011111101000001111001010110110001001101
1111010011110000100101101100011011000100001011010011011011110010
1000010101100101111101100110010101111001111010111001010001011011
1100000001101001101111101011100100011001101010011100100000010100
0001010101110100110001011011111010011111010110001110110010000100
1010011110110111001111011011010000011110011110001110001101000000
1100001110011011101001101101101101110100100110011010110100101000
1001111011110010010111100110101101010110100001001001110000111100
1100110110010110101001101100011100000001101001101111100001001011
0010000010010010001010110101000100101100010101110000101101101100
1101110111111001100010101000000000111011001001011100011000111111
1111011110000111101010011101111111101001011011101011010111001101
0110101100100110111010000100110010111110100010110110011110111000
0001001111000100110000011100001000010110011000100011010011100001
0010100000110100001010011100110100011010111100010001110111010001
0111100000010000101011001110001001010001110000101000100100111001
1010000100100001010101010100110011111110010111010011110110110010
0011111010110011101000111010110000000100001110000010101101101010
0000010000011111111001000000011101010010110000010010010101101100
1001001100111001010111110110111000111101101100011110010111110000
0001011100010110101000101110010000110111100011101000011011010100
0001100001101100100111001001101001101011110000011011001010011110
0101101110010111100011010100101001101001001011001001000111011010
0000111001011110110100010001011111111100100111111011011111111101
0001001011001100010100110000101000100000100101111111101010011100
1011000110000101011111011110011011111111111001101100100110101001
1000000111000110000010011101110010000011011011011111010011101111
1101010001101011001101101000010000100011111111001001110001100101
1011100001001000100100011000110001001110010001100001011110010011
0010001001101001000000110110011011101111011011101100110101110010
1001011111110010111011010001100010110101000111100101100110010011
1100111010101001110101010100000100101101011110011100100110101100
1111001100100011110110011010010101101011101011010110111001110110
1001000000110101000110110011011110010100001010110100111101101000
1001000011111011000100100100100111110011101011010111101011100001
1001010010100101001100000011110001010011110101011100111000110111
0000010100001010011000010101010000000110101100110000110010011100
1001001001000110010000000011110100011010011110000010111111110001
1010110011011100111111101100000011001011010000100100100001111101
1110001100111011011100001110111001000011100111011100101001010001
0101011000111101100001100100110001000110001001110101000010100101
1101010001110110010101111010101100100100011100111000000101010000
0000010100011110101110001010001010110111101111000011100111010000
0110101111011010001000111101010111011110011000010010100100111000
1001000000110101101101010010100000110000101000000010001100010110
0101100111001100111110100011001000001000011111101111011010110010
0111000111110001100001100000001000000111100111000011110110010000
1010100010011111100100011011000010000010101111100011101001101000
0110101010100001001000100100000001111011111110111100111010100000
1101001011100001001010110101101111001001111111100101110011010110
1100111000011001001011111100101001000100001011010010101011110011
1000110010011110011010011110101110110101110110011010011011111100
0111101010100111101011011111011101100010110110001111110101000101
1010010001100011000011101011010110000000010101110100010011011001
0100100100000101001011101111111011011000001001001100000010100110
1110000101011001101101010000000011000000100001100011010110001010
0011101011100000110000101110111110000010101100011001010010101110
0100010011000001101001100111011000001111011111001000101111111111
1100010100001110101110111100011100000111011111010011001100100110
1111001001000001010010111010010111111001101001010111000111100011
0110110010000101110011110100001110101011001000011011011010010001
1100110001111000110001100000000110110010110001110100101000001100
1000100001110110111001101011100001000111001100101011010111101011
1111010100011010011001110110101101111101110011000000011110001001
1101110100110101000000101110000010101010010110100100010111010000
0101100010100111000101101001001100000001111001010001000001111010
0110101111000111101011110010100001111011111100101101000111111110
0110100100101101110100011011000010110000101011001100011100100011
1011010110001011010000101010011010110111001011000000110110111110
1011001001111101100010011101110011100010110000110110100001111100
1011100000011011101101000011011001111100010000001000101010111011
1001111100010110011011000010110001111010001011101101111100000101
1110101100011001101000010111001000101000010011101101111110111111
0100110011111100110111010110010101101100101101110000111101111010
1101111100001010000101110011101101011001001100100000010011101101
1010001110110110100101101100000110000101011101111111001111111100
1101110011000101001010101101100000001011000000101011011001011011
0000010101111011100111000101010111011100101010011111101010111000
1011111100001110011101001001101101100101110110100010101111100111
1110000011110001111111000101000101110000111011010100001001101010
1000100111111010111010000010100110111111000110001000000111010000
1011000110110000011001110000000010110101111011011110110111110101
0011111100000110000100110110100111011110110000100000110000010110
0100100110011101101001101110010010011111011010101111110100000101
0100101000101000011000101010001101100100101101001101011011110101
1010000101100101000001001001110111111000110110111110100101011100
1101001110010001111100100000101001110101010111011010011000001000
0111101100001000000000100011111111011101000100110001000111011010
0111100111100100000001101100100001111110101111101110101011010001
1010001011011011000001111010100011110001000101010110000000000110
1110000011010011010010111011111100010111000110011100001000110101
0001110001001000000110010110001001011000110011111010000111101011
0100111011101000001010101101100101110101011110100110011101010110
0110000000001110110010001101100111010100011011100101111011101110
1110101111100011010000000100110000001001011111010000111010001001
0010100011001101110110001011001011110011010101000010010110101011
1101101111100101010011100010011011100001010110110101111010101000
1101111000100101111011010000110100101101111001110111000001011000
0111101011100001011111010111101101100001011110001101000001110111
0011100000011111101011101011011100111001011100111101101000011010
0100111010010000001010100000100100000101110101011001110010010110
0100100011110110010101110001011011100011101000001000010001100100
1100011101011100111101100110001100100101100110011100000001010000
1111001100101001001100000111101011011010001011111011110000111101
1110010101101011101111001000000001101000110101110010001101010110
1010011010111011110011000001000110011100111010011000101001100110
1101101100010000010010110100011100101000100101111101101101110011
0001001010000111000001000000111001101000111001111010100001100010
1101000001011101010000101101011110001100001101000011010001000010
0001110000101110100111010000001110011111111011101001011010001111
1101110101100101101001010111001011010101000011010011111100001101
0100001101010010001010011001011010101100000110101111010100100000
0001000000000110001011010001100100101101110110010100010011101111
0010000101110010101011110101100001000111110100010000000111000111
1110011001001000110010011001100010111011110101100100000111100100
1111111101101001100110010001000000101010111000111111100111101001
1101000100100001010110100000000100101100101110100101011101111010
0000000011100010010010010001001101101000111000001110111101111011
1110110010010100111101000001011100110000100001111110110010101011
0110111100100100000110111110111110011111101110000001001000100101
0000111110000110010000010100000001101101111010100011110010000111
0010110000011110101100101110111111000101111100110101000001110101
1001000110101110010000111101111010010101000111011101110100010110
1110010101010101111011000010000000011000101110011010101101110001
0011001000001100010110101110101000101010100100001111100100100100
1000101110100110011011101010000101011101101011100111101011011010
1100111011001001100000000101001111000111010011111100000100111010
0100100001110101010011100111110010010101011110110001000111100110
1000100110010100000111001111100111001010000010001110111101010010
1100011011010000111101001001111111111101001100001001110110011010
0110000100110101110001101010001000111111101110000101000000000110
1011011111100010000111010101111010011101111100010100011101000100
1010000010100001001100100010011100000101101010001100100011011100
0011000010001010101111010001111011110111011110011101111000001001
1101001100100000100101010101000001110000010100111110000100110011
0010000001011001110111110101010110100101101010010000110110111001
0101001111110000000100000110010101010000001001010011111101101010
0010111100011000001000101101011010001010110011100010010111001111
1101101101011000010001110101011011111101010011110001001000101011
0011011101010001011011101101010001001000110110111010110101001110
0101101100011101011100111001101011011100010011000101011011100000
0110010001011101011110111101010111010101110000100010101101110100
0001111011100010111010100100010100000110001011100011010111010100
0111111010001011010100000011110111111000001100100010101000010110
0110100001010111110100110100101100100100101100100110100000000110
1111001011000101111110000000010101010000100100001011101101101001
0011101110100100111000011001110100111110111000100011011111010101
0100110010110001010111110001110101011000111000101111001011010101
1101010111101100010110011001000111100101100010101110011010110110
1000101111110001001101100010110011011100110010010111000001100011
0010101011100111010011110111010000000001100111010101010000010111
1100100000110111011011101010101100010110100101000110001011011011
0101101101111011111010110010111011010001110111001001010100011011
1001111111110101010110010100011001001000101110110001111110100111
1010001101111010111010111001011101000011011110010111000111100000
1001101110100010010111101110011110101000011111011011111000100010
0010111111001010011110110110010000101001011110110011011000001001
0101001000110001000100010001000110011001111001111001100100111111
1101111011000010000000000101001010001111101000001011111111111101
0010000010101001010111001101001001011010001111100000110010100010
1011100010000000101000010000110001000100111100110000010010100110
0100011001001001000111101111010000001100101011001100111110111100
1110001000111101000111110000000011101011101101001110001010111010
1011101001111101100010111110110111000001101000101000001001101100
1100001101101110111111101110111011100010000001010100101100011100
0100000101010110111011110100110000011101111001100011111011000011
0110010100110001011110100000100000000100000101101111000101000100
1000010010011101100000011101110110000001111101001110000111010010
0000001000110111100111100011100010011101001011100000001010011110
0101111000111010000101011110010100011010110111101100101110000000
0110111100100001100110000110000001011100110100101011100110100101
0000001011110011100111000110111010101010010000001010111100010001
0111100000101001000000111110010101001011001001110010000101001101
0100000101110010011100111100010010011011111011111011010111100111
1000100110111011011001111110010111000010011100100001000011111111
1101101000010101001101000001100100111100111001001010101000111111
0011110010100111110111000011100011011110011110110101101011110101
1100000010001110100001011011110111001101000000100000101000101011
0100000101010010001100010010000001100111110100111110011000110100
0111011110001001111101111101110000010010110011000101101110010111
1011111000010011101100011001000011000010111101000101101100110111
1100011110010111000111010110110000111000101001111011010101101011
0010110110101001000001101101100001111101001001010011000001010010
0110010111110000110000100010111011000011001001011010010100101011
1011000111010000110011010011001010101010111011111110000000111000
1101011010101001110010010010100110101101010100101001101010010000
1000100110010001011101101110000010110001111111001001001001100001
0001110001100000001100010000100100001000111000100001000101001010
0000101000100010111000010111010100110011010110101000100010010111
1110011101101001100000010100111111111111100111110111000110100000
0001101110010010111110100111001000010101011010011001000010010110
1000100000110110010010100010111101000001011001001000011100010011
1110000111011011111101111000101101100111110011110001010111111100
0101000011110010011100110110111100001100011000100100111101101111
0011111101100011101110001001001001010010011101110010110011010001
0011100110111000011000010110111100000111000100000001010101001001
1111101100011001011000101000110111111100011000101011000011001100
0111101101111111110000101011110101001111111010101111000110111011
1111000010001001011001100111100000100000000100101100000000101010
1110100001011110100011100000000111010011111110101001110000111010
1101111100001100100010100111101010100000100110111011011110111001
1110110001010011110000010010101010000001101011110101011101101100
0111111001000110100100100100000101001000100110000011110110010100
1100111001101111000110010101101101001001111011101000101010001001
1110011110010011110010101001001111110101000000000010001110110010
0001011101001010111111001011011101101001001101110010000110100110
0101100111001110101101101111000000000001100110011100010010000000
0101101111010110011111001111010111010100011110000010001110001111
0101011001101011010010010000010100011010100010101010001100111110
0110000110110011111110111100011110110010011001010011011000011100
0000001001000100101010001111110001100011001110100101101011010100
1001011010110101001100011111101101011000110111110000000111011101
0101000111001100001100011000000101101101100001101100001101110110
0000010010011110101010010110110111010110101110011110101101101010
1010011010111000100011011111011110111111111101001111010100011010
1110100111001101101010011100001001010100100000101000111000000000
0101101010010100011110001010100000001110000110000110011111100010
1010100110010000101010000110111101110001101111011101100110010010
0010101010000100110111011000101100111010111001111111010100011010
0000000101001011111010001111101100010100010011100110101001000110
0101010011011101001011011111110111001001011010111101011010110100
1001111011100101001001010010100000100001100111100001110010010111
1000101101100010010010111100010010100100101001100101110011001000
0111111010101111001101110111110000000111111111100000101011000101
1000010011000011101111010010101100000000101111111000011011111010
0010111010111101110000101101000010110011110110011100101010111011
1010110110111011001010000001011101001011100100100011001111111110
0000110101001110000111001000011001110100010000010101000100011011
