0000000010010011100111010110011110110100100001000110101100010001
0000111111011101010001100001110100100010101101100111001101011011
0000011101110000111010111010000101011000011001011010100100000010
0000001001010000111010110100101111100111111001000110110010111000
0000000110100101100010110111100001110001111110011001100110001111
0000110110111011100110010101111111010010101111100010100110110101
0000010010111110110001011110110000001111100000001010000000001010
0000111111111010011000101111100110111101100100111101111000001111
0000011011100110110101001110010000101000001010101001001100100001
0000111111011111111111111000111001010010001010110110110111110011
0000110010100101111010000101011001111010011010000001111010000111
0000100100011011011101111000101100110011001101000100111000011101
0000000000010111110010110011100001010011111000010100000011001011
0000011111100110110111001010111001000001100010000110100111100010
0000101000000110100010001111111011010111101010101110011000111101
0000001111000111011111101101010011001100111110101100110000011111
0000001011101010000110111001100100100100011100011010101110101111
0000111011101000000011111000110111011110001001110011011000011001
0000100110000100110001101011101010011110001110000000000011101010
0000111100011010100110110010011000100101010110011101101000110111
0000101100001111110001101110001000010101010001001001101001001100
0000111001001011111110101010110100110000001010110010001011100110
0000011111101001110101101110101100000011110010000111001110000100
0000110111000001111000100010010111101111111010111001101111100001
0000100111001100011100000010111001000000100010011011111101001111
0000100111010111101110000011011100101111111111001000101111000111
0000000011011110010100000000010001110000110011000100001111011101
0000110010100011111100101001110110000100000000010000000011010100
0000100101101101110000001100011010011110010110110000001110100100
0000111010011011010110110010001001000111111110101100111111001110
0000001110000100000110101100001010010011001000000100001111001110
0000010011000110101101111001001111110001000010010101011101010111
0000101011000100111000110000101011100111100111101010101010000001
0000100000101000101010001001001000101010100111110101110001110011
0000001001110110101100000111101001000010101010000100000101000100
0000011111110001110000011010001011111110111011011100101011011111
0000111010110000111100101000100000001101011101100000111011110110
0000100000110100100100000001110010001110111010100010110100011011
0000011011000100000011001001111011011011010111010110011111110110
0000100100111100000101111100111000100111111000111000111101011100
0000011100110110000011001100111010000110001010001110100100001011
0000110110011011010100110001010011001101010110010110001100010011
0000001101101011100000010101001110011011101011110111100010001010
0000010101101111111000101100100111000101110001000100100011110010
0000100011100101100100101110010101011010100110010110100001100001
0000111110101000101111001110110010001000011110101110110111101000
0000010001001101100111101011010100111000100101101110101000000100
0000110110011010100110110000110111011110001100011010110000111011
0000011000001100100101111011111110000010111100100000011000101011
0000000101011000000001011001000101111011111000101011011110100111
0000001100100001000111000111101010000101111001010011111000010101
0000101001010010100010010000010101110101001101010000110011110010
0000111111000101110011001001110000000001111001000100010001010011
0000011100010001110111111100101100111011100110001001111011011111
0000111110100110100110000110100001001011001000000011001101001010
0000101011010100001100111010100011111000011010100100011001111010
0000000000001100110001001000110001110001110101110001001100100001
0000100011111001011111001101011100010001000101001011110111011101
0000001000101101101001111001111101000101000110111101111110010010
0000110101011011111000110011111101111000110101011001110001011011
0000000001111111010001010011100001010110011011011110100101010011
0000011000110011001010110101110001111101000100111100111000011000
0000000111010000000000001000111000001010000010001001000000111001
0000100010110011110111101101100010001011111011010100010011101000
0000101111000000110001101011011001110001111100111010000111011110
0000111001000101011000110011101010001001110001001110011111101011
0000000110011100100001101011110001001001010101011000111001101110
0000101110011000001110101100001011111001011110101111000111001111
0000111000110101101100001100000011111100000100011011111000011001
0000101100001011101110111001110010110111101001110010110111001011
0000001101101011100110101010101111101011110101011010100111101110
0000111110110001101011111111010101101101101010011001110111000100
0000011000011000000101101110000101011000100101010110011100100110
0000001011100010011100011111111011010011101000011010010001001000
0000011101101000101011101001000100000001000000111011000001000000
0000011010110010100111100010001001111010111001110111101010101100
0000000001011010110100110101111101011111101001111111101011111101
0000110011111000000101111001111100110010011011101100100010111100
0000100000100001100000100101101010011001110000001010001100111101
0000110001010001110100111010100001010101111101110000110101101111
0000001110001010111011001011000011101100100000111000000111000001
0000110100100001011100111110011110011011010010001100000010111101
0000001000011000110100001001111100010110100100011111010110100000
0000000110101000101111000101000011010111111011110000000110000011
0000110100000101100001000110010001011110110100101000011011110110
0000110000101001011011011010101110100100110001110011110101110111
0000111110100011101100100100000011010001110010111100011010010001
0000101110110100010011011000111111110101110001101000110111011001
0000101010101101001011100010101011010101111010001000001011101000
0000011001001001100111101000011101011100001111011011001101101010
0000110000100111111000000011110010111110110001010010001010000101
0000110101011100011000010010110010111010001100011011111101111101
0000001110001111000000111110000010011111101001010001110001011110
0000100001101111010101110100111000110101101100010001101001011111
0000011001001010111000001001101001011000011001011100001011011100
0000000111100001111001111111100101101010001000001110100101101101
0000101101111100001110101000110110000100110110110101100110010101
0000110101001001110111110100010101100001110110000000110111010100
0000000000100001101000000101011000100110110000001101101110011111
0000101100110101101000111111101111000110011100101110001011011101
0000101010111010100110011010110101100110100101011001000100010011
0000110011100011110111111011111011111001101111100001000101010111
0000010011100010011011100000110100001011001011111111000000110000
0000001110100110000001100110101100110011101110001101010101001110
0000000101001011001101011001001011011010000101011111100100011110
0000011100100000101011110111111100010100101100110010001010010000
0000010010000011101011010001111010010010001010001110111000011011
0000101011011010110101011001111000111011011111001110111101101101
0000100011100011111001000001001001000100011110110110000111000000
0000100000111100100000011001010010011011100001101110111001010111
0000101110010000110111001010000100110111001011001101100100100110
0000111010010001011010000010111101011010111111100111111100001011
0000000010101111110111101001110011000000110111110001000100000011
0000100111111110110110011110111111110000001111100000110111001110
0000100101100111101100101101001101010100111110011010010001111111
0000111000111011110110101110001101101101101001110110010111111000
0000000001110101001000110001010010000111011100100101001011001111
0000111110111010100101100100111111100111001110110111101000101010
0000000000000100001000101000000000001011101000101001100000111011
0000100010110011010011110010101111010111100011001000100001101110
0000010010010001111010001110100011000011010101001110100000110001
0000111001111101110011010110111001011011101000111110111111011110
0000011000001110110101000111110001101001111000110000111111010010
0000100010011110110000111100001010110000111111111110101010001111
0000010101101101010110111010010111010110000101111011010011110011
0000111100110000100001010100100001101110001010001100111010101010
0000010010001100000010000001110010010000011010100000010001010111
0000110111011010011111110100011101110000010101111000111111111010
0000001010100001110001101011011010110100001100001001010111101101
0000110001111010101001110111101011110111100101100110101110011000
0000101101001010101100010101011100000110111101000010101110001010
0000101010001101000010000001001001101010101101011011111010001110
0000110111111100101011000101110000000110111111011100010000101011
0000101000110000011111111111111000110101010101100110111011000101
0000000011111100100100110100100101110110100010010111110010000101
0000110111000011110011100100100100111000100001001010100111111110
0000001101010001100111010001000000100111100110101001010001011001
0000110110001110010101011000011001111001000110111000111011001010
0000001000101101111110100011110110010011100000000101011111010011
0000111001111100111011101100110011010010110101101001111011010111
0000010110001001100110110101001101010111010100010001011000001101
0000110111011001110001110100110110011101110111111110000001010110
0000000001010111001110110001111110110010111110100001101111101000
0000110111110110101001100110110110111111101011111100101100110000
0000110001001100000100110110010101101110100011001011010001000010
0000010010100011111100001011111001000110111101010111011000101001
0000101111100010010000101000010110000110000110001100011101100100
0000010110110101010001111101010100110100101011111000111111100110
0000010100111110101010001101000011011101111010111000011001111010
0000111011001001110111101110110011101000111101010101110101101001
0000011100101010111011010000101011000110110010110100100010001001
0000111101010010001010110110010011100100111010101100111101010110
0000011111110110110000100001010111001000000010001111111000011001
0000111110001100110011010100010110101100000100100110000101101001
0000001110010100101101001000001000001001101010001011100110101000
0000110101101101101101100001100111100000010101100101111101110101
0000001000001011111011011100101010010010111011101011100110111011
0000101000011001010101011110000011010001100011110110111101101111
0000011111000111001011001001111110011100000111110101100101110111
0000110100100111111101100100111011000100100101100111111000000101
0000000100001001110110000011110101110011101001011101110001101110
0000111111100000100111100001110111101011101110110001101011011111
0000010011011100110001101110001011010011110010000100001101000100
0000101001111110101001011111101101101011101010110110001110110110
0000001110111101001101000100111011001001101110000011011100111000
0000100011101011101111111101100101100011001111110110110100100101
0000101010010111001011011100100001010110101111110000100101111111
0000110001111111111101100001111111100010001001101011001111001111
0000011001001100111110000101100111111011001110011110100100111100
0000110010100100100001000000111011010101111101100011100110010110
0000000101101001011001100010111001111010101011001000010101111011
0000100100011111111001101001100011111001000101110100100111011001
0000010000000110001111111110111010110110100000100011001000111010
0000110000000011001010001010101111100001101101011010100000111111
0000000100100001110011011101100100100100000101101001100000110010
0000110101110100110011110000101000100010101011100100000000100001
0000110111011110110110010101110011000000000111000010000001000011
0000101010101101100111111100110011110011010001100101100000000110
0000011110001110110011011000000110000001111100101001011101100010
0000110101111010111101101001011101111111110101100111110100010111
0000111101100101101010110111001010111011100001100110110110001000
0000100111010110011001100100000101110011011011100100000010011010
0000001010011101100001010111010010010100101010101000000010101110
0000111101000110110000010100100010000100000001110000111011110111
0000100000100011000000001010101111000010101100100001110001111100
0000111110101000010100010100001111100000111111111011111111011100
0000110010110000111111000100111101000010000001010001000111100000
0000111111100110000111100101111010111001011110010110110111000100
0000010110010111011000001111000111110110100110010101010101001100
0000110111100111101111101110111100000101011001111100011101100000
0000110110001011001010010101001101101101000011110101001100001100
0000100101000110100110011001101111011010000110110001101011101010
0000001000000111110010010100001011110001110110001101010111101100
0000011011110110110001001101100001001110011101101100110011010011
0000000101110010100000110000101101011101000001110001010000111110
0000111111101011101000100001100100110011100001111110101111111110
0000011011101110100001000000010100110001001110011100110101110100
0000110101001100011000100001111111001011111001000110100101111001
0000010110010001001100111010100000011001101100010111001110001111
0000110011010011010100011010111111010101110000011101100100111001
0000010110101011001000101001011111000100111011100000010011100000
0000100001101110110001100000110010111110100001001000101010100001
0000001110110011110101000011001100100010001110110001010101110001
0000110001101000110011110101100110100110010010111001111111100111
0000010011001010111111001011011111101000111011110010100011011011
0000011010101010111011101000101011100000001001000101111001110100
0000010110011001100100000110000111010010101000010101010110101110
0000110011011010001010011101110010111011000001110110101010111110
0000011011100011111111100000010111101000110110010101001010111111
0000111011100011100001011110101101001110101011110011110001100010
0000000011100111110101000100100101100100101100100100001011000100
0000110110000010001011011111110010111101111111000011100100100100
0000001111001111111001000010010000110101010001110010111101010011
0000001011111111011110101010010010011110110110100000100001001011
0000011101100001110011100101010010110010101111000111110000011011
0000100001001001100100011001110011000000100110101111100111100001
0000011011010011001011010010011010101011111001000000101000100010
0000100001011101110011111001100010010110010011001111111011001110
0000101100100011010101110001110001100100101011010111000001010001
0000110101100001100000010000111110010100000001011011111110101111
0000000010010101110111101100111100011101011111001100000110110011
0000110111000010011010011011111100111010110100010011100011100000
0000011110001100100100101010000100000111110110010000001100100100
0000101010001101110011111011111010111111100101101111101010110101
0000110111101110000110111001011100001111101100111010000010101000
0000111011001110100111010010100001010110100010111000111010010110
0000101000111010110000011011101001011011000001111111100010010010
0000100011101010001000000100100110100110100100110100101100011100
0000111000100001011010100110110010000110101111100000011011010111
0000111011110001100001111001000101101011110011101010101000110101
0000000011100101010010100010001110001101011001011100010100000010
0000001010011011000000111111101101000000110010010111100100100000
0000111101110001000110110011110111100100000101011110101011010110
0000101011100100100110000011101010011011010011000011100011100110
0000010101010100100110100011110111011011100100101011010000100100
0000111010111110011010111100111010111101110100110111111001110011
0000011011000110111110011011110001011110111010101101101100010101
0000111100011111100010111011010010111111000111001111100100111111
0000100101001000111101101100110010000000100100011010000100001101
0000111111011010100010011001101000011100001011101010011001010110
0000111000110110001000011000111000010101110111000110001010011010
0000100101010001001100100010101110011111101001011001101101101111
0000000110110100000100110010100100000000110001001000000101100010
0000010001011011100010111100110000111101011001011110111000010001
0000000110101001000001110101001101101001100000010011001111001011
0000101111001110000111011101110111111110101010001110110110101000
0000100010010001101000101110001100011001101101011111000100010010
0000010011111000000011100011100011011101011111110000111011000110
0000001011000001100110110101001110010011011111011000001000110100
0000101110010000100010100011100111011101001100011000100011010011
0000000000000100001100111100111000010101101001100110011010101010
0000111110101101111101101111101010100010100100000110000100000101
0000000100010000101000101100000100100110000000011001111100011011
0000111011000101110011101010110100100011111101100111111010010011
0000011000111100101001010000100111001001110010011001001010100000
0000111111100110010000110001110011010000001100000100100100011110
