1000000010011111000000010011111010111101111011000101000001110110
0101111111110111011110110100110100010101001010000001001111101100
0110101110100000111001110100011110010100100111000011111100110011
0111010011001000001011010010101010001110000100110111100111000011
1011011100100111111011101100100010001111111110000010011001011110
0111111011110101010011101000110110111010011010110111010110010110
0110100110110101100011111011010111000011100000101101011100111101
1111110110001100101011111101110001111111001010001011111111010111
1010111110000111001100010101101111110110111000111100100010101000
1010011110011000110100001110001100010011101010100000110000111011
0100011000101111100110001111111010010001010110100001110100111100
0101001000000010001000111101100110010010100000111010100000100101
0011111011001100010011111000001001001010001101001111100111011011
1001000101001110110001000111101011100110111110001011000001000110
1100110000001100100111101001010100100101100010110111000101001010
1111010001011011111010000111111100000001000011011100110001111111
0000100001010101110011100011111110111000001010000110001111101001
0001100101011011000101010010000100011000110000111010101000110011
1101101010000011110010010100010010011101111010110001011111100110
1101111100110110101011010101010010011110010010110100010111101100
0011100001111000010101010111010111110100110010011001111100011110
1011001111111011111101011000110110110011011000111101001011100101
0011111101101000110011111100100100001101011011111000011011011110
0110000001000010110001111010100100101011111111101000100100000010
1000100000110110110001010011001100010001111011010110001001001100
1011000001101010101100000000110110000111000110111110010101101001
1000111110110010000000110010101100100100101001011111111001110001
0011001011100010101011011000111100011001000111110110101000101001
0100011011111101000111111000110001100011101001111001001101000001
0001101111111100001111101100011101110011101101101110101110100100
0001000101001110000010011010110011111000000101001100101111011011
1111010110101111000010111111100111000000010000001101111010011100
0011011010100001000001011111000111010111000010111011100011111001
1010101111101001100111111100011101101000010101010101110110100011
1110110111010010101011001011101001000000000010010010011110011101
1100000001001000101100111111001001010101011000000101000000101100
1101001001011001100011100101010000111011100101001111111111100101
0111100011101110010101110110111001011101100101011111010110111101
1100110110010110010111100010010100100110011001111101000010011101
0001001100011010000100001101111110111111011100000010100000111100
1000011000001011100101111110001000001100111111101001111100111001
1101110100101010110111000011100010010000101001100110100010101110
0000000001110111101010011110110111000100101101111111000100111010
0011101110101001001010001100101101000011110100111011111111110100
1000010000101000111100101010000110100001100100100111110010010010
1000010001110101000011110101001101100111111000010111100000000110
1000101100001010110010101111100110000001100100111110111010100000
1000101011010101110110011001000001001101010101101100011011111001
1111100000111111111110110110110001100001011000101110101101111000
0001111110000010101110101100111000101101011110010101111110001101
0001100101001101110100111000111001100000011000010000100010100101
0011110011110000110001000101100110101001000000110110001010001011
1111001010101111010010000010010110001100011111000000011011000101
0101010111001101110100111010001000000001010000111000101000010010
0110000110001101111111111001010000100100000000010100101111101100
1011100100011001100110111000010111110111010001111101111110101100
0101010110001000010001110011101101011101111000101110011101001010
1011010100010100110010001110000000111010001111001000011011110011
1111100000100010001111010001011101001101101100000000110000110001
0010000000000010010011101001000001001111000001010111101010010111
0111101000011111001001111001001110110101010001110000111111011110
1100000000100010000011001000010101001110011001101110010001010111
1110000111111110100001010000001010110111010010101111101100110010
1010011101000111011101011010100000110000111101001111111111010011
0101111001000000011001011000100011000110001011110101111110101001
0110010101010101001100001101100100111101100101101100000011111101
1000110100110010011100100110001110100111100110100111110100110100
1011110011110100110111110111000111010100000010011101000010001100
0001101101100011001111010000111001111000100101100100011111110101
1100011111000111111101011110100101011000011001110000001001000100
0100010001100010010011111011111110001101000010101011010010111100
1101000001110110110100101010000101100000000001001010111000111110
0111101000011010001110000111011110011110010010010110101110011101
0101001100110010000000001100001110011001111111100110101101100110
1111100010100010110001010011000010001010100101100111010101011100
0111000100010010111110111111011111010000011001110000110000000011
1111100111001111100111100000000010001111100010010101000111111001
0100100000011101011010011000000001101011011011110001100111101110
1001010110010010011011110100110111100101010101100111111011111110
1111010100010010110101010111011011101000110111001000101110001111
1111001000110110101111011111100001010110001100001100000101100111
0010010110010100011000111001010011110000011010000000000000101010
1001001100011011111011101010010110001011010100101100110100110001
0011101010110011100110100001111101011001100010101000110011111101
1100010011001110101011011111010001001011010011001010011011011011
1101011010100101001011011011001111100001101101100011101010011011
1101000111101000010010110000101011100110100111111010000011110010
1111000000100000001011101010010001100001110000101001101000101111
0011111010001110100110000110001101010111001000010101000011010101
0011110101011010110100100111001110101101000010110100110010011001
1100110011100000101110100010011101000100010011001100110000010110
1110111101110010000110010100101011011001010001001111001001010000
1100101011111101111100111101110110100011101110011011000000001110
1001101100100111011100110000011110111111101010110110100110100010
0111010000011010011011100010101100010010100001101010011000110000
1010011000010101110011001111000010011010111011100001110010110100
0011011111110011011100111001010000101011111010000011110111010001
0001110111000001000100101100010101001001011001000000011111101100
1101001111010001000111110010111001101011111111001011100010011101
0000010010011101000010101001101011001010111011110001010110110110
1110010111011100001101011100011101011011011011110101111010111101
1010100110110010010001111100011011011010000100100100111100101000
0001001110001100101001001011101101011000000101001100001110010101
0100101000101100101111011011000101011011111001110101110101010011
1101101111101111001011010000100011010101111111001001111101000111
0011110101111001010101001111100111101101011000101110110110011100
0010010110100110110011100010000110111011011100110011001110111110
1100000100010100100010011101001000000101001001010000010010000010
0010110010110010100111101010001010001010101100000010000111111001
1101001010000101111010100001010011000110111111100011111010001000
0101010010100001011100100111110001010110011101000111111011001010
0001100000111010000011001101100100100000111100111000000011000000
1010111011011011110000100000010011101001000001101111100001000111
0110101010001010011001101010100000110000100001011111001011100100
0110101110101111111111000110010101111011111110000010011100100111
0101001010010010111100111001111011001101110010001101010110011111
1001001101111110101011110010001110010110100011011101101010001000
1101111001111110001100000001000101101111101110001011110000010001
0100110110010101001111111001101101001010010001011110111001110010
0000110010000000110100100110100010100011111001111101011100110110
0111001001100001100011000100000110011011100011100111110001100000
1010101110110111001100000011101001011111000001000000111000010000
1111101101101110111000110001100111000000011101101111010110101000
1101011011001100101000000011110110100010111100001001001101000010
1101100011010001111001101010101111101101110110000000100000010111
1001111110001001100010110101111111011001011111101110100000011001
0110011110100101011010011111000010111110011111100111111100110110
0001010000110101111110010110010111111101101010001100000110100100
1101011010010111001101011010001010011010011111001111000001100101
0001100110011110001110111101010110101110000100011100110100100110
0001010011010000001101110000110101110011101101011011100110101000
0111110100101100011111111101010110111010100110111110010001011000
1000010100110011111110000110111001100101111100101011111010111001
1011100101101010000011110111110100111101100101111101101010010110
1001111110100011001100011010001100000010011011100010100011011101
0011011100100001110001111001000110001001011111111110111100111111
0001000011111010111111010100000001000101011100000011101000101111
1011011000001000011000011001001001110100011000010001010000101110
0110111011110111010010110000010101111101011111011100010011010011
0000011100000001100101110101111110001101110010011000001100110111
0110101000010100101101111110000001100011110010110000011010011011
1101101100010001010101001010111010111100100010110100011100101011
0010010100101111111110000010101100110001110101001000011101000000
1111101010100111001100111100010000110111100011111111000111000100
1110001010111110011010101100110010111010100011101101000011011010
1000111110000000010011001001000101000001110110010110010101101001
0111101111001111101001001100011110110011100100010111001010010110
0100010010111110111111010101110010000101011111100010010011000001
1011110110001100111101100001101100101111011111110100010010110001
1101011001110110001011110110011010100100000110110100010111101010
1011010011111001101100001110111000110000000011110000100110110000
0100111000001110110110100001001001101010011000101101001111110010
1011000111110111010011100110101101000000000010011101101001100000
1101011110111111110100111000100111100001100010010000000111010000
0010010110000100110100001110010011000010111010001001101011000100
0111110100011011010110100000011010001111100101010111010001100100
1100101011111101110110101000000111100001010101110100001010010001
1011011101010010011001010000000010000010001011011100010101110001
0011001011000001000100111010100110101101000111000111000001001011
1101000000011110101000001111111000111110100110101010100110000010
1111011010110001000110101110100010111111110101010011010000100010
0001010000011010111000100111001000110100001100111100011101010000
0011101101001011110010011110011011000101011110111100011100101001
1010000010001101010001101000000010001010001011001110100011010000
1001010011100100011010011101001100001101100100100001010011011000
1111101010011011110010110100100001011111010001001100111011100010
0010100101010001100001010101110000111000100100111100100010000101
0100111011111010010110110100011011011011000011000100100011101011
1010000110111100001101010100011110111010100011000001101111011001
0000011111111001000110010011111101111100111000110100011011100101
1101110011001000010110111111110111011001101010110011000001101011
1111100000000000100000111011100110100101101101100010001001101101
0111111001101110010011100100110101001100101101110100110101001010
0010111011100100000111100000010100001111101101010011000001101111
0010101101010000101001110001000111010011010100010010010011110111
0111110011100100101110001110110101111100001101101010100010001011
0100000101011100110110111110001001011000101001011100001011111101
1101011010011100011010101110010110000101000110000001011001101010
1100111011111010010000001001011100011110110000101001100001100001
0000111011110111101111010111110011110111011101010100010001001000
1001000011101111000101011000111100011110111111111001001011010011
0101001000100001011000111000000001100101100001101000011111001000
0111110111101010011111100000001110110101111011110010101110110010
0011010100100010101101000101101001110011110100111011000101111100
0000101101111100011000100010000010100111001010001110101111100110
1110101110100011001111111001011111001000110011001110000011100001
0000000011010111011011011010111101010000011101111111011001111010
1001001110001100101111101010110001001100011010111100110111001111
1100000001101111110011001001001110110111011011100101111011001101
0100101000010001010101110100000001010010010110111011001001011010
0001011011101001010000001010110111110010100111001111101001101011
1011010110010010000110101110100010111011001000101001001011001110
0110100010110010111101001111100101111011110111001000010111111111
0001110101011001110101011101100110011010101010000100111101010011
0101011000111110110100000110010111001000011111010101000011010101
1000000100010000110001100111000010011100010100101001110100001100
1001000101010000100011001110111110011010101011111010010011110100
1101001001110101000101010011101010001111110110000000000001000101
1001111110000001000010111001110000110101101010010001011100011011
1000101001000010111011000000110101000000000111000100111010011100
0010011001110101101100100010010100001100100110001100001100010011
1111011100101000000110001011011001011110011011100011001011101001
0101111000110011111010011010111000000011011010010001100001010110
1001100011111011110001001011000001100111001000011011111010111010
0100100111000101110011100001100010001011111000111000101000000101
0011111011100011100111100110110110110000010011011010101000011011
1100100010111100110110001010100010100000101110100110111110100101
0010000111000011110100100110000111110100111000101110010001110101
0000000000000000000000000000000000000000000000000000000000000000
0000000000000000000000000000000000000000000000000000000000000000
0000000000000000000000000000000000000000000000000000000000000000
0000000000000000000000000000000000000000000000000000000000000000
0000000000000000000000000000000000000000000000000000000000000000
0000000000000000000000000000000000000000000000000000000000000000
0000000000000000000000000000000000000000000000000000000000000000
0000000000000000000000000000000000000000000000000000000000000000
0000000000000000000000000000000000000000000000000000000000000000
0000000000000000000000000000000000000000000000000000000000000000
0000000000000000000000000000000000000000000000000000000000000000
0000000000000000000000000000000000000000000000000000000000000000
0000000000000000000000000000000000000000000000000000000000000000
0000000000000000000000000000000000000000000000000000000000000000
0000000000000000000000000000000000000000000000000000000000000000
0000000000000000000000000000000000000000000000000000000000000000
0000000000000000000000000000000000000000000000000000000000000000
0000000000000000000000000000000000000000000000000000000000000000
0000000000000000000000000000000000000000000000000000000000000000
0000000000000000000000000000000000000000000000000000000000000000
0000000000000000000000000000000000000000000000000000000000000000
0000000000000000000000000000000000000000000000000000000000000000
0000000000000000000000000000000000000000000000000000000000000000
0000000000000000000000000000000000000000000000000000000000000000
0000000000000000000000000000000000000000000000000000000000000000
0000000000000000000000000000000000000000000000000000000000000000
0000000000000000000000000000000000000000000000000000000000000000
0000000000000000000000000000000000000000000000000000000000000000
0000000000000000000000000000000000000000000000000000000000000000
0000000000000000000000000000000000000000000000000000000000000000
0000000000000000000000000000000000000000000000000000000000000000
0000000000000000000000000000000000000000000000000000000000000000
0000000000000000000000000000000000000000000000000000000000000000
0000000000000000000000000000000000000000000000000000000000000000
0000000000000000000000000000000000000000000000000000000000000000
0000000000000000000000000000000000000000000000000000000000000000
0000000000000000000000000000000000000000000000000000000000000000
0000000000000000000000000000000000000000000000000000000000000000
0000000000000000000000000000000000000000000000000000000000000000
0000000000000000000000000000000000000000000000000000000000000000
0000000000000000000000000000000000000000000000000000000000000000
0000000000000000000000000000000000000000000000000000000000000000
0000000000000000000000000000000000000000000000000000000000000000
0000000000000000000000000000000000000000000000000000000000000000
0000000000000000000000000000000000000000000000000000000000000000
0000000000000000000000000000000000000000000000000000000000000000
0000000000000000000000000000000000000000000000000000000000000000
0000000000000000000000000000000000000000000000000000000000000000
