0000000000000110011100100000101011011010000110001110001000100101
0000001110111100101010100111100000110000111011011101111111110011
0000011011010000110100110000010100100101010001111000100101111000
0000011100011110110001011100001011010010010101110111011110110110
0000000010111110000011011101011000011001101110011101001000000101
0000101101101101110000011111111110001001100101110001100110100011
0000000000010011001000010100001011011010001001000110110110011100
0000110001001111110100111101010000100001101001010101110001101111
0000100011000011100000110001010001100101001001011111000001111100
0000011000000001101011101000101111010010001011110000111011011100
0000001110100111010110000000111000000100101000100010000111100110
0000011000101001011000111101110001100001001011111001001001010101
0000111100011111111001111111000011110111110100010011010101010101
0000110101100110011001000001100111100011111001100010100111111101
0000100111100010101000100100100010011110000010010000010110000111
0000000101000010101110101011101001011101011110100101110011010110
0000110111011111000101110010100110101010110100100101111111010001
0000011011100001111011100100001011001011110010111100011011000001
0000010001101010110000010000010000101000001110001010001011001101
0000010101101000000100101000111111001001111011000111110100101110
0000100111000000100111011111101000000100010001101011110001000101
0000001011101001010011110010100110110001011100111011001011010010
0000101110100011101100100110110001100000111101111110001110110111
0000111111101000111110011010011100001010111011100110001110100100
0000100111010000111000010100110011111110001110000010011101011110
0000001111010101111101100000110101100101000111100000110010111101
0000111000111110000111101110011001010100100101010000111100000010
0000010000110101111011001010100111101010011100000010010001110111
0000000011000110010010101111011101011001000110111000000110111000
0000011100011001111101001111110101010110101011011110011000110011
0000110101001110100001011010101111110111110010010101000000101010
0000101111010100111001100011001110010001101110100101011011001010
0000101011110100001010001001111001100100101110100100101011001111
0000011000100001100010101110101110000110110110100011101010000001
0000101000110101110000001111001100001001001111110011111111011000
0000000100001011001011110000010001110101111010011001011110101101
0000110111000000001110000010111111010010011010001010001001100111
0000100111001010100111101100100111001011100110010100111001100110
0000000010001000100000100101000000111101010100000110010000111010
0000010001101001100011100001001000010001001110000000001000011001
0000101101000010100111000001010111001111010001011110011000111010
0000101000010110000111111101100110011011111100110000011010110011
0000110001010010101101100011011100100011001010000011100111010011
0000100001111101011010011110100101101010101101011100111010111110
0000110010011100010101111100010011101000100011110100100111001110
0000010110101011110111101110101011100110110110101100111100100110
0000011011010000101100100110100101001000011111010110000000001111
0000110111011010101110110110111110011111111110001111111111011000
0000111110010111110010001011000100101110110010000010100010101010
0000011100100010011101110100111100111010000110111001000111011100
0000000100101011010011110010101010100110010001110011101001101011
0000011110001010110111100100000100101101100011000101001110010110
0000000001000010101011011000111001100001100001101000010111110000
0000011101011111000011011001010110111001110111111111111101111010
0000000000011110010100110100110101000111110111001010101001100010
0000011101011011100011011010110110111000001001111101111011011101
0000101011100001110010101000110011000100000101110110100101011001
0000111101110101000000111100001001001111011000111001010001010001
0000010101011000101001101001101001001000000110110001100011011010
0000111111011000010011100010110011011010110101011101111010011011
0000100000101111101101001110001000001011000100000101101000111101
0000111100100011001010011101101100111101001011101001000000001101
0000111110001011000000011110110000010010111010001111100111101011
0000100010001100000100110100110100111101100000111100101011101110
0000110111010001100110001011101100001000110000100010101100101011
0000111001000111111100101101001001011010101101000101011100010101
0000010110100011100001000001010000011011100111010010010110100110
0000110111101000100110100000110011001001101011111100111011101010
0000111000111101101010100001100010100100101101010101110110011011
0000101111011000101101101000111111110001100100011101011101011011
0000000010001110100010001000001101001010000110000011010111101000
0000000111011111011101001110010000001111101100010011000011010011
0000001010010010110011001101100000011100101000010010100110100110
0000111011101110001011010000011011001001000000100000000001001100
0000000000100111001001010100101010000100010110000001000010101010
0000010001110100001110100000111001100100110010101000001100100000
0000011000011101110101011000110001111111000001011111010101111110
0000100101111000001011110110111001111100100011001001100111111100
0000101011100000000001110001001011111000000001000111001111000000
0000111111101011010111110001110101100110110101101101010000000110
0000010011011100010111101000001010011011000000010001110101101011
0000111101011101110100111111000001011111011100100001111111001110
0000110011101010110101010010110000000000001011000000011101110001
0000100110011001000001010101011001000001010101001001110101100111
0000110001010111011010010010110000010110011000000110110000000100
0000010100011000000011000010111001011111110101111011011010011110
0000100100011101001100001011000010101010100000000010001100111000
0000010000101000100011010111110000010000100101110101111100010011
0000001000110001100011101011100111001001000110000011101010110110
0000100000010011011111110111111101011100111010011000001001001111
0000010101110010101001010111110101001010010111010011010101110011
0000111010011000010000111111110001111110110000011110100000010110
0000100001101011100111100111000111001100100101000010010110100111
0000101011101111110000010101111001001010111100111110101001111000
0000111101011011101001001010111001111111010001100001011001111011
0000001111111011100011111011100101100001000001011111110001000111
0000101100101001100001000000001100100011000100110001000100001101
0000000001111000000011100010111111100010100101011010110001000100
0000101110101111010000111001000010011001100000110001100000110001
0000101101111111101101011110101110100011110001111011101100100111
0000101101011100111110110101110111010011110100111101011011001011
0000001010101001100001100101101011010111000111101000100111100001
0000000111000000111100000001110110001111011101101010110111010110
0000000110110001111110011001101110010000111101000100100100001110
0000001100111001010110000000100001101100001110011000000111001111
0000111101011011100011010111010100010111011101101010010010111001
0000101001001011101111001000110011001110100101001110000100111110
0000000101011010110100010001001011011000111101111100110000111000
0000001101000001101001101000101100010011111011000001100010010001
0000010101001101111010000010110111011010101110010110011010011111
0000101000010101101010100110000000000110000011000111111111000000
0000111000111011011000000011110011011010111000011110111011010010
0000001100100101000001000011001100000100001100101101011000111100
0000101001110100011101000101111001111000011011101110001110110001
0000110100101110000100101011001001101110001101000101010000011011
0000110101111011001010110010100011001100111011101001101001110110
0000110000010100101010101100011001101011010110100111100111101101
0000001011001011110111110001000010010001010100111010011111100010
0000111011011100010110000111111011011110001110011111000001110001
0000100111100110001110101011010110100010010100100011001101101010
0000100011100010110001000010000111011010110011000111010001001100
0000110001111100111001011011011110111110110101111010111001110110
0000101110111011111100110111100001001001001001010111010101010001
0000010100011110111101011110101010110101101010011100100101011100
0000000001111011001100101011001111110100100000000010110100001100
0000100111110010111010000010001110000110011001110100111111100010
0000111000010101101000000111010010110110010110000001000010000101
0000100100101001110111111010100111011001101111111000011111011011
0000110100101100101000101001001000110101010011001011111000100111
0000001101101100100000010101111011100110100101100010110101100101
0000011001111000001011011000101110100110001101010100111000110011
0000010111110100101010000000110111100100111010000000000010011100
0000001000111110001011010111100111101001101010110100101110000001
0000110000000001110010100000011000110101111110110000110001100111
0000101010110000101000010011000101001100010101001010110110011000
0000100010010011001111100110100111011111101110000001100001001110
0000011110101110110001000011110010011011011011010000001110010100
0000111001101000001100110010010101101110101010111100010010001001
0000110001111111101010100001001000101110100001000111000111110111
0000111101100100111001111001111101101001101101100000111011100000
0000000011001000101010111001100000101011100011011011110100110001
0000000101100101110111100101100110000010100110111010110111111101
0000101100001000101000001011101100010001010110000011011000111010
0000001001110010101101101101101111101111111110101101100101110110
0000011110000101110111000111011111100001000101101110100111110000
0000111011000100100010001010110111110001110101100101110100000101
0000010100000101100110001101001001010110101011111000001110010011
0000110010010111100001010101100010100100000010101000110110000000
0000001110110101100001011001000111001001010001101010111101010110
0000110111101000111111110111011010100110101000101000101101000000
0000100111100111101010000011101011100111011111110111011010000111
0000110101110010100100000001111001100111011010110000110001010101
0000011100101000000111100111110011101100011001101111001010011110
0000010001110101111110100010101111101110111111110110010110110100
0000000000111100110100111000001000001010000000111000101011010011
0000011111101000101110111000110111110001111100100010100101000100
0000000110111110111100000100011010010110111000010101011010100000
0000001001011000111011010101000111001000011111110010100100001100
0000110110001010111100001110000000000111101101110000100001100100
0000110111111100111111111111111101100110100101100100110101110100
0000000111101011111001001010001001000110000101100000011001101100
0000100111110000100101110000110011101001110010101101101011100100
0000011000100100001101001100000101000111111000000111101011110110
0000000011000100110110000000111011010011110000100100101001001111
0000111101110010110000100101101100011100000101101010011100110011
0000100010100100000011110100111000100111111001100001100011111101
0000001010101111100001011111100000000010000011110100001110111110
0000100110001011100001000011101101100101101011100111111101100100
0000101101000001001111101100001100101011001000011010100100110010
0000101111110100110110101110110101000101110101000011110011101101
0000000110111000111001000010011111100011011100101010110110001011
0000111010101100100011010101111001101001110010000010111111101010
0000110111100011101010000110111000001011000000110100111101111110
0000100111100111011110100001110110010001111101011011011111110010
0000110110000000000100100001001100110011001010111101011111111011
0000011000110111001111100000110111001101110011110111111101000110
0000001110000100110101010110110111111111101010001110001110111101
0000110011100100110101001111111110011110111011110101111100111101
0000100110010001110011000101010111010010010111001001000100001001
0000010111110001110011111100111011011100110011111000110111001001
0000001101000010001110010000111011011010111100100000101000000010
0000001011100011111101000011100111101100110000110100100001101111
0000100000000011100100001010010101010011011101101001001010010000
0000100000110101001110111101000010000111111111101111101100110011
0000110100000111110010100011110011111111010010110010011010011110
0000111111100111011011111101110111100101110010001010101110100100
0000011010011011110101101011111111111010010011010110001110011110
0000100010110111100011100101101011101010101001001011101001011010
0000010110101100100000010000010011011101001010001101000110111100
0000111101100100100011011001100010001010111010100101111101010000
0000110110001100100000010001110000100011111101010101011001010011
0000111110010100000011011010100111101101111010010110100010110100
0000101100011100001010000100100110010001000100100111111001010011
0000000100110111111010111101110101100010101011100010011100110011
0000000001000000011010101110010100100100000011101000000010001001
0000101110110001000010101101100101111000101011101111100100110111
0000010001010111011100011101011101111001011110110111011001000010
0000110000011000100101000101101001011000111000000000111100101110
0000101000111111101000000110111110011111010100011001000010001101
0000000101011011010011111011101111011011111110011011100111111111
0000010100110000110011101100011101100000001001000000011001001100
0000110000101000001011101100111111101001101001101010110001111000
0000110011011100110111001001100101000110010111110001010000101101
0000110101010111110110001000100011111101111011110100100101111100
0000011010111111001111001000011000111011000111000010011110100000
0000110011000001011001111100101001000000100011001001000111100100
0000000010001111111100010001010000010110010100000001011100010111
0000100100001001100101010110000011011110110110111110101000111010
0000101001010010001000110101101111101000101010001100001011110110
0000100001111111011011001111101011110100100001001110100011101011
0000100001001111101011000111000000100001000001100010110100110011
0000111100011111001110111011011101010111111001100011101110010110
0000111000110111101100011001000100010100010000101010000000000011
0000100011001101110110101111010001000111001010110001010101000100
0000111100100010110010101110000010110101010000111111000101101100
0000101101001001011010101101000001011010111111010101100011111001
0000110001010101000010100111100101101010000011011110001101110011
0000111100001110101100011100001101110000100100111110110110011010
0000011110100010111100101101011000001000011011001010100111011111
0000101001100001101110111001000100000010000111011101100100001101
0000010010110000001000000100101001011000001100001010010111000001
0000110011010011001001100010110100001011101110100011101100000110
0000010100000110100111111011100000010101010111100011000000000111
0000101010110100100111110001111100000001100100000011100000011101
0000101000000010110111011011010111010101010100101101010010111100
0000101011101110010000111010000101100111000011100010101111111011
0000110000001111011101001011010101100011100000100011011111001110
0000001011101000001001001010111100000111100110000001000000000111
0000111000011100101001001010111100001110001110010111110011000001
0000111011110000110001111101111101100111101001111001110001011101
0000010010011011111101110101010010001011010000111000100110000111
0000101110000000000110000110100010000110100101010100010100101101
0000001110111001100000000000000111000000111110010001011111111100
0000110110110110101001101101100110111011111100000111100010010100
0000000100110001110101100011111011010110000101111010010010000000
0000101111010100010101111100100001111010110001111100100000011100
0000111110001111101110101011000000010110001010001010011100100111
0000011001011110110011111100110100010110100011101010100011111100
0000010001010100001101101001011000111000000000001101110000110011
0000100011111011111101001010100100110110100111101000101010110011
0000110001001110101001111010110001110111011000001110000100111011
0000011100011011001011101111101011001101100100010101110001001011
0000011101010111110101001001000001101010001101000101110111100001
0000010101000101000111100100110101110001110100011101011001000101
0000101000111111100000001100000001101101001111001001010010110011
0000011110101110010101000111000100001101110111111101101001101100
0000001101010101101001010011111001011110000000011110001100011101
0000001110011100010011100001101101110110010111101000000110001001
0000011001011100100110000101010100110100000000011011000000011010
0000000010110001100001101010001111101101111010111000100110010101
0000111000011111110000110110100110111010010100111101001000011100
0000111011000010101000001111010101101111110000010011111000101011
0000010001010011011001001011010000101100010101010001001001101111
0000101011000111110110001011001001001001111011000111100010110111
0000101001001011100100000000001110001101011001110001110101011101
0000101111001111110011010110100110010010100011000000110001001100
