0010010010001011110111101100110101100000001111000011110101110111
0001100010101100001000011101101100110011100001100101110100010101
0011100001111010010010110011000100111110011111001011001001101011
1010110001010011000111110100001101001110101000011011010110111110
0011110101110010000100101101000000001110110011111100100111011000
1110000111110100100011000110110101000001010111011001000100100111
0010110000101100110101100101100100100011100111100101011101111000
1101100110011011000010101000010000011101101011101101100111011110
1110100000110111100001111110011101101110011000001010011000101100
0111110001111110111110000000010110111111010110010010011001010011
0000011000111111110100110011000010111010011010010110111101100000
1011101001100010111111100111101010100001100100101000111001000101
0101001110110111000100010110110000111100111000011000010000001011
1110100111001001001000100100001101011011010100001100111000001111
1010110001100000011110100010010010011100011100100011010101111011
1110000100011011101000001100000100010101000010001100101001100000
0101101101100111000101101000110000100100101001111010100111011001
1110101000101000111101000111101011111100101000010100101000100000
1000111111010110010100111111110011010101111010110000010010101011
1000101010010010111111110010110101011110110001100110001001011111
1100000100001000011010100111010001011011111001011100110110111100
0100110110111000110011001111000110111111101101111111000110000001
0001000101111100000110101111010111101000011101010100010101000000
0010000011101101101010111001111011000000010011110011011111101010
1111101001011110110100001010010011001010001111110000100111011001
0111111001001100001010110100111101110010001000100111111101001111
0010110100111011100100111101010101010001000110100001010111011010
1101000101000111001000111011101101101010110000000001010111110110
0000011100010110001010101111011100000010000010100010000001010001
1101111001111011000100010001010001001100111111100100110011010101
0110101011111100110000110110000001101010001011011101111110010100
0111010010111011110111111100111111010010101101001000100100100111
0111000101111100011111001110000110101101000110010000000110000011
1100000101001110111100010110010100101000001011111000111000000011
0000011011000010101001111111101011101010011111110000000100010100
1010100101100100110101111010000110000100000000100110000100111001
1000001101000000111110011111010001100010001010010100010100001100
1001000010111100010011010010101010110011000000000001001110001111
0100101100100100110100000110011001000000100011101111110011010101
1110111000111111110110001010111101101011100101101001111100111001
0011101011001100111111110010011010100011110010011001100110000100
0111110010100011011011010100001101100010000100111010011010000101
1011100100110010100110111010110010011000101100011100000100100001
0110001010100010001010111110100010000011001010011101101001010110
0010000010101011001100010110000110001010101001101110000011110100
1100100010010100010111100011001100001100001001101110110110110110
0011101000100111110011010100110111100110101110000101010111101000
0110011011110111101001110110100001100011110110001000110000110110
0010101100001101111001010111011010100111010100111101010111010110
1101110111110110100110010101010100010001001110010111010111001111
0010001110101110101001101010111101111001101000010110010010010001
1000100001001110010010110011100001100011010110110101111011111111
1000001110011001000011010110011010110101100100001001001011010011
0110100110110001110011111010100011110101110100001001101100110111
1010111110001111010100010011111010011100000110011101110001101110
1111011011110101111001111001011001001011000001001101000111010011
0010011001110100010100111110111111100001110011100010101011001101
1000001011000110110111010101110110110001101111100101100000001010
1010010110100100101111111111110010110110011110010000101000000000
0001011100010000011110110110110011110000010011001101001000100011
1100101111000110011111101001111111101101110010111100101001110101
0101100011010001001110011011101110001010110010110101100110111101
1100001110110111101000111010010111110001111111010100100101100110
0101101001111000101010101000000001001110000000011110010000110100
1110111001101001011101100001111111001101101100001000010110100000
1101100000000001000000101100100000010010000000110110001110001010
1110000001111010001101101010010101010001100101010010010000100111
0101011000100000111000101110111011001001000000010010100011001111
1110001000100100110111001111000101110010110111001011001100001101
1101010100110001001101100101111100001011100001011011100010000011
1001100000101011010001011010101010100011101001010110011100000010
1100001111010111100100100001110110101001101100101110001010011110
1010111100001000001000000110001110001000010110010100111000111011
0011111000101010111111110011100100001101000100101000101011010001
1100100000100101101100111110101001010001011011110001010111000111
1000010011111011100101000100100000010101011110100000110001010010
1111101111001000110100101010101010011110111110101101110000110110
1010100101001011011001111000000100100110111110000010010000100111
0010111100001010001100000111000011010110111011011111111000101110
0101110010101011010110110111010011001111110001001010110000100010
0010110100100101110000001010110111110100111110010100011001001000
0100011010111110110010110010110001000000001100010111001100100010
0100110011011001010010101111100000001110000111011110101101001111
1100010010100001010101100110000011100101000001101101010101011110
1001001001001100000010100111000001011111101100011111100010011001
0010111001100100000101000101111011110001111011100000010101110101
1111001000010111100100100110110001110000111000101111000001100010
1001010010001000000101011101001101011111011111001110011010110011
1010010101011101111101101010011000111001011100101000011101110111
1100010001111101011111100010001010100001010101000101111100011001
0111101110101101110100000010110000000100011110010001000001101000
0101110101001011101100101001111111111011001100101101111000100110
0100111111101110010101001000011101111101010101110100011010010101
0100010101011101001000110010110110000111011001110110101000100110
0110000111100000000100010101110110110110011100011001010111100010
1100001000010101011000100100101101010001000011100000101110100000
1000000111100000111100100000111001100101110001010101000011010011
1100100010010010000000000100010110000101110111001111001010001100
1110100101110101110011111101100000000100101111000111111110101001
1001100011100001001111000101000000111010100001101011010000101111
0111000010100001111111000100110101001110000111110110111010011000
0000011000001001000010101101011011010010001100110000110000110111
1100010001110111101100111101001101101010011011000101110110100101
0110011010000100000101111011100010101111100011110011100011110011
0110111110001001110111010001100001101010011101111111000100000110
1100101000110010110110010110101110001001110000110010001110010111
0101001110001011001100010110001101011011111001000001100100010111
0110000110010001010111010001101100001010111010001000001000011110
1101111101000000101110101000011110110110111110110101000101110011
0111010011001010001001101001100100110001101011010101010011100010
0011001100110011000101100101011110010101011111111100010000010010
1110001001100111011101000001010000001010101111100011100100111110
1011010011100111111101101110001011111100111110111110001110001110
1000011111010000010101100101100100110010011010101111111111011100
0000100011010010110110010110010010101100110011000011111000000001
1001010101110110110010010010111011100101111000000111010110011011
0110110010111110010011001010100011110100111010011001011110001010
1010000011000111010000011101101100111101000001011100000101111101
1110111010101001000111001110111110001100111011001000011111001001
0110001100010000100000101001001010100100111000001011100000001011
0011100001010100000001111101010111010100011101100000100001110100
1010010101100000010001000011010101001111011101100101011110111001
0001011001101110001111001011101011010101100110110101000011110100
0110111100111001100000110101000111011010101001100011101100110101
1111110111111001011101100111001000111011000000110010110101010011
1100110100001111110011011101001111110000110100001100101100110111
0101001110111100010100001101100101000101000100100100100011101111
0101101111100001011011101101010101000010011001000011110000101100
1011000101000100100111000001010010111011000010100000101001001110
1000101011001100100101111100001110111000010110100000100010101001
0010000110100010010001100111111000001111010010010011101101001101
1010111100110011111110110000000110100111001110011101001111110110
0101000101001101011101111010110101110011101101110011001011100011
1011100000011001101100100101000100111000100000010100100110000010
0011011001011000010101111111110000101001001100101100110011000011
1000001011111111011110011111111111111000011000000101111000110001
1110011111101111011001100001010111011100011111010010001110101001
1110001010010011010001000101001100001000010011011001110100111011
0011010100010010001111010001110011000100101011000000100011101010
0111001111000101001100110010000000100110100110001010001011101110
0011000010011001011010011111000001001001110100100010000111101000
1011101111111111101101000000111100000010001000100100110101110110
0110111101000010110010011101110110110100011110100100100010010110
0001101111000000001001010101111101011110100100101010100011111110
0010010001001110011101011010100100010000001110000001111111000100
1010001000101011010001100110000011010100101110011011001111100001
1100011101110101110111000101100110010111001011010111010011000100
0110110011011111011110010110111001001111001101001010001101100011
0010111100000000011000111110000110000000010010011110000101100110
1001000000001001111100010001000110101010010001111001110000111010
0001010010101101101101011011100111000111010110111010101110101000
0001011101111001011001011100101101101101110111101101101111001010
0110001101011110010011111011101011001110100001110011011110110101
0111100100011101111100010100010111011001101000101000000000010011
0101111000001010001000011110010101000101100101100111011100000110
0101100111010001010010111011000001001001101110010100101101000000
0001011001010110010110111000011001010111110010001110011001000000
1010010100010100010010110101101111000110000101001001100011010001
0011001000101100101000000010110111111001110010011001011011010110
0111011101010010011001000101100101110110010001011011000011001110
0011111111000010110010100100110010011101010000110001100101110111
1101110000011111011001110110100011110010000101111101111010100101
1011110001010001000011011100100000000000100111010101110001100110
1101011110000011111001000111100001101011110010010010100101100111
0101000100011101001011100111111000110001000101100010111101110101
1111101111111000011111010000101011001010101101010000010110010010
0011100100101100000110100100001001111000101011010101101001101100
1110111110100101011111000001000001111011000010101001110110111011
0010011111110111110101111010010010000111000010100100101010010100
1011000011111111000111101001000100001111101010000100011101100101
0110101000100101010110110111101011101110111000010100110110101010
0110110100110001101010011001001100100110001101110101011101010101
1000100101011111000100011101010010011101010100011011100001000101
0100000111000100010000000111000010100101010001100110000010110100
1110011001101101111001110011010011010111011011111111101010000101
1110101011111010101110101000100011010101111001100001001001001110
0001001101011101111001011110010011001100110110000010001001010110
1010001011011010100010111000101111111111110100010100010100000001
0101011111010000011101010010000111101010111011011011000111111011
0011100000001111001001001001010101101110010000010001010000111001
1011110111111110011111111011100000110100110001010110110011101000
0011101011110010010101101100010000100001000000100111010000010011
1111110100011111010110110100111101011000101001101011100110100110
0111101111011110001111010000110001010100000011011110101010111010
1111000101011111110000010001100001000110001011011001101110010111
0110100101000110111111000111111000101011111011010110011010101100
1011011010011100110000101011101111010000000101000001110100000001
1110100101101000100001010000000011110011011111010110000010111111
1010100100101000101011111111100110100000011111011110111101001110
0010001100111010010111101011001010001010100010110011111111110110
0101000111100010011100001100000100110100001111100111001100010101
1011111001000001010010111010100111011001100001010001011110111001
1001100000011011011000100100110000001110010000010011011001001010
1000101011110100100111100111100001111011001101000110111001111100
1110000000001010010100010100101001011110010011101001010111110111
0000111110000100010100011111100000100010000100010011011011001010
1000010011010100001100101111011100001101111111100011100010101000
1100110001001100100110011110101001101110001111000110000101101111
1101001001001101111100001111001111100001001110111111010101101100
0000010011010101111011001111100101111011111010011100011010101011
0100011010100100011111101100011111101101011011010100000110101011
1011110111001001101100010000001100101100000000111100111011011000
1110011010111111010100111011111110111010111000001110000011001101
1100010000001111111111010101100111111001011000111100111111101101
1101001100000001010101100110110000011001010100111101010000110100
1101100000001010110110011101110101100000000001000010000000110101
0011101100110011111110111011011101101110111011011001010011001100
0001001010110111101011100010110010001011100111000011001010100111
0101011110001001000011001000101010101111111101111001110001000111
0000110000010011110101000111000000010100010000100111011100011100
0110101101101110010000010010000011100001111110010001010111100010
0000100010100110101001110001001100101011111001111110010010100001
1111001011001110100101101001100010001100101100101111000011011110
1011001001010101010100100001111100100001000111011101110010100011
1011001100000010110100001011011101100001110000000011011101101011
0011001111001111101001011110100111101010000010110101101110101011
0000101100010010010101101111011001010101110001011011000101100101
0111100101100001110111010110100111010000111011000011101110010111
0110000110011111011110000011100010111100111111111000010000010111
0101110000110000110101110010010011100111010001100110001000001110
0010001111111101011000101111101010000011011000101011110011000100
0011111011001110101011010010100010000100110111111001101011000100
0011101000011100111000110101000000000101001100100111011111000101
1101111010011111010001111101111011001011010101101110010000111111
1111101000001100101101001011001011110010101110010000111100101101
1001110010110001111100000011101000001110110101100010000101100010
1000011101100111000001101010111010000100101101000011100101111111
1001010001100110110011011101011011101010010111001111110010111101
0100111110110110011011011010010101000110000011011101110101101111
0010110000001101011011001100110001001110101001110101010101011100
0001100110110000111000011010101011011010111000110101110100000100
0101001011010111110110101100101000100111000011000100101110110110
0110000111001100111100001000000001100010001000100100111110011100
1010100111110001011000111110111011001111100101001111101101100010
0110011011000101101111111101010000010111000110011111011111110111
1000101111011011100000001100101111011011100100001010001010110101
0111001000000101010011010010010000010010100010110000111111100011
1001110001101010001101100101010101001110000110101001001101101000
1111000000111000000000011100110101011001110110110111011011110000
0000110101011011100011010000100001000010110110001001100011110001
1101000011001111010111001111110100100110100111011101110010110101
0011011010100001110110101101000101110010101101001011111001011101
1010000010100010010001011010111100101101011101111001010000001010
1110100000110011010111110101110011010001101111001011010101110111
0001000101011100001000111011110111000011110110111001111011100001
0000101101100100101110101100100001000001101100010000011111111001
1111011111000101011010111111011000000010010100111100111111110111
0010100101010001110111110001101110100000000100101000011000011000
1100001101110110011011011011011011011010100011110101101011010011
1101111111011111010000101110101101110010111000011110110100111000
1101010011010101101101001001110000001001101000001100110111010111
0010111101111000000111101011011101110001110000101000011001001100
1100001000110110001010010000001001111011100111001010100011010000
1100001010101100001101101011100000011011000010001110010111110111
1011100001101010011011010111011010010101010011010001101011001011
0000101011110010011110100101111011100101101010100010110111100100
