1011011000100101011111110111010001010101101101011011111011110010
1101110110010000001000100100100010111000111100011011010110101001
1010011111111101111101100011000010111111101011000011001100001111
1111101000110111000100110100111000101000000000000000001011011010
1001110001101010011011111111101011110110100110011010011000010101
0110111100111101111011001011011101011001110010000010000101011110
1000010011101001001100100110101001100000110111101110011011110000
1111000110001100100111000111000100111110001001110111001101101111
0011111000011111001110001100101001110001101111101011010100100110
1110111101010100000010011110000100010011111100101110111010011011
1010000000101011000110011001111101011010111110011010011110111110
0101000001101011000000001000001001100101101110110100010010100000
0110100000101101001001110110101111000011110011101101001110101010
0001101010111111011101101100100010100100100011011011011101000000
0011100011010011010001011000110100100110110111101111111000010100
0111100010010100100000100001100101101000011100010101011110100011
1010011111010011101010001101011000010100101001011100111010001011
0110101100110111110010000101110110001101110010100011100101000001
1010000010010000110110111101101001000101110110000100110111000011
0010010110010100111011101110101001000000100100000010001101011000
0100011111011000001111010001100101101110001100010101011000011011
1101111110010111110101000111111010000101101101101111010101000101
1001101101101101010111101011100100100000000010010000001110110110
1001111111000101010010100000001110111010110001111101010100001011
0010011110101101001101010000110011101101110010001010011010010010
0000011101100010001001001111110101011101101100101010110001010101
0000010110110100000011001110110100110100001110011010100110111110
1100110011110001000011011110110011100011010011000110100101000111
0100101000000110011111010011000111011110110100000000111100011101
0001000011010000011011101100001100011001010110101110000111101100
1111101100100001110000111001001010000011110111001011000000010101
0110001101001110011101100000010001111101000100000111110011100100
0111110010000100111010001100110000011101011001101101001111110101
0111101100110100101110000100101010101001110111000111101100110110
1010111111100011011110100000000011100011101110000001110000001001
0000111111010110110101010101000101111101010011110101010100110001
1100000001001000010010010111111110000000111011100001110000101000
1100100111010101010100101010001110010101000010100000101001100111
0100011101111100000111000110101111011110000000010111000110101001
0001110110111110000010011001011010010001011011001111010111101101
0101111001010010110010101100011010111000100111010110111010101001
1011100100111111100100010000001100011110101001110001010001010110
1001100001110001100100000011011110010100101100011110001110100010
0111110000000011001101100111101010010010111001011000101011001000
0000001001101100100001100001000101001000000111011011110001000000
0001011110111011101010101000011011111000011001000101110011110111
0011111100111001010111000110111101011111001100100100100010111110
0110110011011100101111111100100111111110011010010010001100010001
0111101011110001111000000110101010001010000100011011110111011111
0000000001000110000000000101001011101110011101001001010000010010
1010101001000000000111000010111011001100100110000101111001110011
0000000010100111011101010000001110001011011101001001000001100101
0001111000101010000011101101111001010010000101100101001100001101
1111100101011110001011000111100111111010100011000110100110110001
1011000111100001101101111111101000101111110000100011110000010101
0111101110011100111101111101010000001010011000100011100100100111
1010100100011110100011100110010110000101100110001000111100101011
0111111101011101110100101111111110111001000101100111000101011000
1101110000000001000100011001101111110010001100100100011110101010
0011100001101100001010011101110001011111101010111010101011100101
1011010000001000110101011011010010110100100001001111011010010011
0010110000110010101110011110010010100101110101010101110011101111
1010000100010111010000110000001010010110011010010010111010010100
1101111001101010011010010111000000001011110110010101100001011110
1110000100100000110100010011000000100101001111001110111110110000
0100010110100101100001001011011001000110011101111111001001110000
1011000001110000010001110001111011111111110011001000110100001010
0101100111110010000000101001010101100111101011011010111000010110
0010111000100111000111001111101001011001110010101111110011011010
0011110111100110100110101111110100101111010110100111000000110110
1100000010100111100101001111110110110111110111011011011110001011
1000110100010110101000001110100100100000101011001111011101010110
0001100011110101111010100011111111100010000001101110010011111101
0110110000110100100010011110101111010111000011100110110101100101
1000111100011101010110100001100101011101111011110000001110100111
0100110101111101000011011101110111100000000100001001001001100110
1110000100110011110001101110100000011010111110110011110010100110
0111110110011001111001100110100101000111111001110010000001000101
1010101110111110001000100010001010001010001111110010010110011011
0001111100100110110100111101000100010010100111110011011110101000
0100111011110101110101111100111001010100110101111110000100000110
1000110110110001111110111001100110010110111001101110000101011000
1100011110000001011101110101101000000101000001111001001001011011
1100010001011110000100110111110110010000101010111001001110001101
1011100000101111000110101011100110101111000110000010111100001000
1101110111001110000111110110011100001001001001011011001000110010
1000110100001100011001100011010101001010011101001110010000001011
0010010111100000001101100001111101111111011100101100001100111011
0001011000001111001000010110000101010011011100110101111011011000
0000100101010100111101001110010110111010111101100000010001010101
1111010000000101000011010110100110111001010110101110101111010001
1010010101010001111100111100010011000101111001010010101100100111
1111001000101010100001111001000111001000111001000001111010101001
0101010101111000001100011011010000010111010001001000000001000111
1111010000100101011111111001001001111001001110111111001000001011
0110101101010110010110111100111010001001010111100100000111100111
0011011010010000100001001011011110101101011001000100001010011110
0010010100000111011001010111000110101100001101100001000001010110
1010111000000010111010010101010100100011010000110011111001010111
1101001011111111101000001010100011000001110001100101001111001001
0010111001011010000100000000101010111011000010110111101000001101
0110001111000011110011001100011100110100001110011011101010001011
1011110000100100010010110100001011011011011001001010101000111010
1101101100100110011100010101010001110100010001010010011000101111
0011010110101011001111111110111011001010100000001011111010010110
1000001000011101111101110000110001110001000000101101000000010010
0100101010110101000111010111001111010100011101110001100001110101
1100010010101110101011101010000010100110110111010001111101001111
0110001110111101100011010010110000100010011001011000101110001000
0010111001101110001011000001010100001110001011000111000110100100
1111010010110101110011101010011000001100011111011110011001000000
1111001100101010000110000101110011110001011110101011110001101011
0011001110000011011000100110111111010101110000101110000001111100
1110010100101101001111000000000001111011101111010101001111100111
0010011011110100011110101110001010100110000000011101101010100100
0111011101111000001000011010111111101110011010001010100111111010
1011110001000101001111110010010000110011100100001011011000001100
0000000100011101000100101110100000010001000111111010010001011001
0000101110111110100110110011011001001011110111110100010101011001
0011011100000011110010001000000001110001110001010010111000100100
0110110111010100111011000101000110011100110001101111011010110010
0100110101001101000000100110100110000000101010110010010100001010
0011111111010110000001011101110000000011101100111011111010010011
0001100000111100001010010011101110011110000011100011010101001000
0101100110001000101011011100111000110001101011101000010110011101
0001000110000100011101100001001010011101110000011111100011110010
1010001010011001000100011010101001010111011101010000110010100001
0101000101011110100000000000001000011001000010100100111000010000
0011001011000001000101111011100110100110010001011001000110110010
1111011010111100100100101010001010110101110010100000101100011011
1010111100100000110101100001110001111000011011000101000000001110
1010011001110010000010001001101100101000110111000010001011011101
1100011110001111101001010000011100011101110100101110100111100010
1111000110101010110110010110000110000010111100110000100111011001
1001100100011110111111111111110001001110001111011001111111011010
1111011111010111011100001001000100010000001111100001001100100111
0010011110011100010100011110100111100110000010100001011010000101
0010100010110101011101101011101111010100101111101110100100000111
0110001001011101011000100001101111000111011100011110001010010010
0100100101010110101011101001011111001110101010101110101111111110
0111000000001111101111110011011110101011000101111111010111000000
0010111010111010100101000111011011000010101100000001101111111001
1001101001111101010011100011010110101111010001110001010010111110
0001011011010101101110011100010010100000111110010010011010011001
0011000000000011000011100000001010011010000010101001011101100100
0000010110101100111110011111110110110101111110001011111111000001
0001101011110011110101100101000110011110111011011101110000000111
1110010100100101101100011001001000000101100111111011011011001000
1000011000100000001001000010100101101100001110000000111011100101
0111001110010100000001000010010101110010001111111110110011110100
0001101110011110000111001001010101010011001100011000011111000101
1101110010000111100000000101001011001101010011000010111111101011
0100110010011010011000111110111000110010110001011101000110000110
0011100100101111100011101101001111011010011011010001010011001001
1000101011101110111010011101110101010001010010000101100110001011
0101111011111110111010101111000100101000000111101001100010100100
1011001101001111010100000100010100011010101011010011111111011011
0101001001101010110000101100111111111101011110010100010111110100
1100110000111101101111110101010110100001100011001000011000100001
0010100111001110111010011100100111111111010000010000110101011000
1001001110001100100111011000000110000101100110110001101110100100
0001000111001000101101010100000010001000000011111101011101011001
1100000001001011110010011110000001001111011011000001000110100000
0100000101001010100101100010001000011001110001110011000000011001
1111110100111110111111100000101101100101000001110101010010111101
0000010111011100010101101111001110100110111001000000000000100001
0010000100101100100100010100000010111010011001001110111111011000
1000010110101101010101111101101000110100010111101110100000010011
1010010001011011000001111110011011001010001011100010001010101011
1011011110100111010110100000101111110000110000111101001101100001
1011110001011010011100010001000010010110000000100101010111101100
0100101000101111100101101000010110100101100011101111100100011111
0000111000110000110011110111010111010101000111010000001110010011
0110100011000000100100111100111010101011111000011100110001110011
0110011000111010001100001010101100010110100110001010110000100001
0011000011100001110001010100011111000001111110101010011000111010
1111100111000000101101011001111101000011101000101000011101100101
0100110100000011111110011101110100010101101111101011001111111110
1100010010011100000110001101010111011010000111011110001111110011
0010111011111000110001100110100111111101010110010100010011110111
0110010100111010100010101101110000101110000001001010000000011100
0010111110110110101101111101101011001100010000110001101110111011
1101000011000000111010011001011101000101100100001001001000000101
0100111000110100101100011000110000111101111000000010001100000001
1011111101100000111111101010110010010101000001101100011010110011
0011011110011101000101110110001100111000010111100011010011100011
0011110011100000010001011110011011001011001000011110100011101011
1111011000000101110001010000111110100011011011000000100001101111
0110010100011101100111001010111111011111100000001111000010000000
0001001100110000110000111100111010000001000000110010111111111111
0011111000101001100100101110101010011011111011001010101010101110
0011001000011000100010111011110111011011101111100011001001000010
0011110011001111110110110001100000001111011000001000111111000011
1011100100100010111010011000011010010001000101100111110000010000
1001001110011101110101001111001001001001100111011110010010001001
0111101001011100011101010000010011110001101000101111010111100000
0001000010110101011011001111011101010010110101111110110110110100
1100110110000100101000000001010000010011111001100110110011111100
0101111110101101101010011000100101011101101010000111011101100000
1111111010000010100000011010101111101110010101110101001110011111
1010110101110010000011100001101010011000110111001101001110110101
0001001001010100111111000101000100010010011001110011100111111010
1000010011001000100111100010110111000111111100110000010001011101
1001100100110010111100101011010101011001000010110111100010011111
0010100110010100110111001111110100110110001011111010000011001011
0110100111100000010110100101110101111111011001001011001000110110
1011000100001001101011101001100101001011111111111111101011011000
0110110111110001110001110000110001011011101111000100010111000100
1100000100000010110001111101011000000111101110010010111010001111
1011001111111101001111110010110100101001011000100000110100110010
0000101011111001000011100111111111010100110011101101010000111011
0110011010100000001110111100000101010110101111101011100111101111
0011100111101000100010010110010010100111100000001000100111101111
1110101110001110111110010011101100001011100000011101100111011011
1110100111011110000101110000000111101011110011011000000000101111
1100111100010111000100110110101110000001110011000010000110010110
0001110010101101111001001011010101100111011101000010000010010101
1110010101100111000101100110010000100100101101100101110101000111
1011001101001000011001011011010101010100110010100001111111000110
1100000110000111010100010000010100000001100011111110110111001010
0001100011111100010101010011001010111001110010110000010010011011
0111001111110110110000001000011001000011101010100001011000110011
1001011011101110101000011100011111011001000101000101111101101011
1111011010101000010011001111111011000010111010000100010001101011
1110101001011111110111111111111001101111000110100000100100110001
1101101001111010000100011011000110111001100001010101110110110110
0001101011001010001100001101011011010110001000000011011110000000
1010001100101010001111010110010110101010101100111000100001010111
0000111111111010010000010010101101101011101010111011010010110010
1000101110011111001100011000010101101001001000111101100011110111
1010001001111000110000010000110000110111101010010011000010100101
1011101000101001110100111110101010000000110101001101110111111110
1000111000101101111100100010101010100011010011011110011110001000
0000101100001100010110001110000011100111110011110100111001000010
0001101010001011001100000001111011010111110011100010100010000101
0001111000001011110101001010001110101000111101000110010100011011
0110110010111011000111110001100100001100110010001010011000000010
0101111111010000111101100001011011000110101100000100011111011100
0011101110001011011011010111011011000111101111101101101111011111
0100010000001011100101001100111110000010110110001001110001111001
0010010100111101110000010000011111011011000001000110011100001100
1001001010100100100111001010000001000011111100101011101011111001
1011010110110011011111111011011110100111001000100100111111110111
0110101100010001111011001101000100011100010011110011010001100110
1001010100001101000110101110101010110001101010101101000000010011
0110100110001010100011001100011001001101011010111001010010101101
1010000000100011111111111011110011000110110101000000011101101110
0111001010011011001111111100011000011011111101000001001100111001
0111010101000111100000011110001001000010000000000000000000000111
1000011001110010101010001110010111000110001001111001001010111100
0000111111000100010101111101010100000100001111010011100000110010
0101100010010001000100000000000000110100101010010000110110101110
0010100100101101000010011100111001001001001110001110111101100000
1100101001001000001101110110011110100011010000011110011010011001
1010001000100010010101011100010111110101101110010110101100101001
1101001100010101110101100011111111011000010001000000100010001100
