0010001000111110100110101111010110110010011010011110010111001011
0100011011101100010001100000110101110011100011010100101110100001
0011011101011011101011111001111110101001011110100110110011001010
0111101010001000000001111001001001010000100011101101110010001100
0000010111010010011100111101001001001000100000111110100011100011
0101011111100110100001110110000101110110011101100000011110001100
1100001111111111001101111001100100101101100110101111011011010011
0011011110100010011111011111011010101000100001101110100010000011
1100010101011111011101110010000110111001100010100111001111111111
0010001110100011111100011011000100101001101110100001010111100110
0111001101010011000110011011000111111011100011000000010001100010
1111000100001011011110000000101101110101010011011001000001110110
1001100000110000101110011010111101001110001100011011101111101110
1001010010001000100101000010001111101101100010111110100011101101
1010000110001010100000000000000111011001011111000100110001001010
0001111011111101111100001000100011100001100010101100110000110111
1001110101100000011011111101001110010010011100111110100111011000
1001001011110110011110110111011001000100000010001001001101111101
1011100011110101110101000110110000001101011011110010100010000100
1010100001111000001110111111100111000011111011110010110100111010
0001010111111101100001000000101111001001111111101000000000001010
1110000011101011011101000111010001011001010101110101010001011101
1011001110000000001101100001000110000100001011100000111010001000
0110101111000100011111001100000011011001010100100010101001000000
1001001011110010111100000010111011010001100110100100000010011111
1011111100100111111100010100001010011011011100111101100000111000
1001010001011001011010101000111111100110011000101000101010001100
1110100000001000010011011010101000111110011001001111101000001101
1000111010011010000010010010001001100011101101110001100001011001
0110000000100110011111101100000101101111010110110000001010111000
1010000011000001101011111101110101001111001011011101101011011011
1001000110101011001011100111111111110101010100001111000100000101
0010001010001010110010000101001110110001000100110110110101000011
0000011001010010110110111011111000110111011001100010110010100001
1111101001010010110010001001010001010011011100000101101000110101
0110010011101110010011100001110100110010101110011100111101011110
0101110100011110011111100000001111011001100001001111100111111001
0100101100011110111101011011111100011110110110010010010000000110
1101000101110010100101111010001010000110100100100000100101010100
1110110000010100111110111010010100011111011100000111011110110010
1011010001110110101001110100000010001101101111001100101001100000
0100100111111011100101001110000000110000111011100100100111110001
1001011000110110011010111001010100101000101100010010010101100100
1000001000101010001001001010010100010101001011101100000000101101
1011101001110110001100010111101110111011001001011001011011001110
0110111001010100111010101100000001101111101101101111110110000101
0000001000001010111110111010110100010111111110101001011010100000
1001000111110111110101110111101001000011010001010100000111111011
0001111000010001000010111100010011111101100010101100111111001101
1000001010110011011110011111000001111000000001011101000000101100
0010011000111000011101100001101111111001101110001110010011010101
1010111100101100101011010110110000010011110001010100101011101100
0111000011011011000111010101011110101010111110110100110000001101
0010011010100110011111111100111010111100101010110101101110010100
0101011101100101100001000111111101110100110111100111110110011000
0001001110100110010111110011110111100110000000111101010011000100
1110001001010110011001000111001001111010100110111111111010101110
0001010100110010011101000010100101101111101011100110001010100000
0000100100011010101000000110001000011111001101000100111011101010
1011010000000100111111000001011101111001101011000000010010110001
1110100011001100010111011000000110011011101011111011110011110100
0110001010011111000001010111110001011100000010111000000110101111
0000011010000001001110110101101101111010100100010010001111111001
1000101111110001001111111001001001000101111000011000101010011111
1011001011011111101110110101000110110001101100001010101111111011
1001111001111100100111100000110001010110011000110111001100001010
0010001100000100110101101001000000000001000110011010101001001110
1000110001001111110001001110100111011011011000000001011100000110
0100000011001001011100001001100000000011101010110010001001000111
0010001110100101011000001010010010010100100001001110001101100010
1100100111010000100111110000110001110011000101110011001000101010
1110001100000111010001000011001111111010011101001100001100000011
0000000011110111101011000010111000010100010000110110101010101101
1010111110011101111101110001110000000110001000111000111001001011
1001111011011010000011011110101111011001010001011110101011001101
1000100100000001101110000000110100000011101000110001100011001101
0010010100001011111100110101100110101100110110011010111101101011
0111110110001010010001001100111001110100100010001101000110100100
1111001001010010100100010010000101001000001101011001011110110100
0011100010101000111000011111110111100100111011111100011111010000
0010110001001100011001110000011011101100001010110011001111010001
1000111111010111000010111011011010101011011010000101010011100000
0111110001101101111011110100100011100010010000001101101100010111
1010101100100010001001110000100110001010111011101001100111010101
0001111011000010011100001001011011000100011011110011111011011011
1111010101110001011100111110101101011011001100101100010001000000
0111110110010110110111111111100111101010111110011000011010011010
0101110111111011001110101111010000001101010010101101011110101100
0001001101100001100010001010010100000110111100011111111010010011
0100010100101101010010011111111101010011001100100100001000111011
0000011111101001001111010000011101011110011011111100111101111111
0101000010011110111001001110000111110101011010000110010111101100
0001111000101101111101111000011001111000011111010000101000001111
1100110100011001011001100001111010001101111100001010010110010001
0001111101100001111110000000000011111111100101110000111110000011
1000001110110101010111000010111001011111001101000011111101000000
0110000001011001010111010011100101100011011111010011101110000001
1000100110100111001100011110110100100110001001010001001000010011
1100101111011001111100111010001100001100110000010100110011100011
0001100110111101100000110010111111000111111110000001110110100000
1010011100010101101100000100011110101001100101011101100011010010
0101100010000101001010011111010010100101101100111100000111011111
0111010010001001100000010011100001000111100010100101111101000110
1110101110000011000100010011011001010011101011000110011001110011
1001111001001101100011111011111011000001101110110011101100011110
0010000111000000100110010001111011110101100101010100010010001001
1000001001101110001011001111001001000110100111101000001000001110
1110111101100000110001001001001111011010011111001000011001101001
1010000000001000011100100111111000101101110010100100100010111010
0001100001001100111011011101000110011101110000001001100010111001
0011001011011101100110011111000111111010011000101000001011100011
1000000111001011010000011011111001100001010000000001110111011101
1100101000000001001110010110111100001010111011011110000111110101
0001110011100010100000100010110000110110001101111110011011101011
1000001011101111101111111100001100100011010100111100101111011101
1110011011110010101111100111010101110011111001101101011010011011
0000110000001010110101001101001110000001011010000101100010101001
0110100011110111011010000011011100011011100110101110111001100100
0111101100010110011110101111000011100001111111100110101111110000
0101011001110001111011101110100101101011111001110010001000111001
0011010011110010111111000101001110100010000100000100011000110000
0010111100001000111010100010000101011111010000100101011110100111
0101100011010011010010000001001110100101011100000111100001111010
0010110010010111100001010110101111010110010011110100011010000011
1011101000100000111100100110010100111000100101110100011111101011
1111001101111111101010110111011000110001101011001010101000000001
1100010101010001100111100100001001110100101010010100011011000000
0010101111000010011010010010001111111000000001100101011000111111
0110110111110001101001000001111011001100111000001101111011100011
1101111110100000010011110101111001000011101101010101111111110011
1011110000110011111001101011100110111110110110100010111101111111
1100000011101010001111010011001111010100000110100110111100110011
0001011000010110101010100010110110001010010110011111100010111000
1000000111100001100000111011101110000101110001110010100001101100
1000100001110100001001001110000011101000001100100000000111111011
0010101101101000101000111010011011000101100111000100000110011101
1011100001011011011100100111101011011011110010111000010100010111
0001100011110101000101011101110101010100011110111011100110011011
0011010111000010110100001111100101100111011010101110001011011000
0000000111111001011001110101101000101100010110111001001110101101
0101001000000010000111001110011111011010010010100000001111100001
0111011111110111010011110101010111111011011001110000101110101011
0100110100110101011001000111011001000000011110100101010101111111
1000011111111101000110101111001101011011010111100010011110111010
1100010110000111100100110011011011101010000010011100101101000101
1010111001011111001011011000110001001101010011110110111000010000
1111011100111011101011000111001010100110011011011111111111001110
0111011011100110010101101111111010000001111000100111011010011011
0000000101101110111010110011000001111100111100110010100000101100
0001110011000000100101000000100011010111110000010111100010101101
1001001101100100110010000000011110001011011011000011000011111111
0000000010001111101111010011100101110101010100100110101110110011
1001010110001011011110010010011010111100100001110011000111001101
0110001010100010000101101001110001111111000111101100011110001110
1111110000010110101010101000111100011111110000111010110000010100
1111000110100010011100010011110101001111101110100100111101111000
0111000100001111011101000111111001000001001101110000110001001011
1000100011110101110001101100101110100001101000101110011000110100
1010011111011010101011000000001101111000001100100110010000001000
1110100111101010001100010011010110011010011000001101000101000000
1001000101011111000010100110111111101001011101001001110110111011
0001100100100010101001101101111011011011101101010101110101010011
0111110100101101001000100000101100101101110011010010100111111001
1101101001111010011100011110110000000100001101001011000110000110
0101001101000100001100110101011001001010110111101110011011100001
0111110000011100101111011010001001000111011000000011011000111000
0010111100101010101011111011110101111000000100100100011100011100
0010111110110010011000011001101000001011110010011100111100101101
0001011111000111110110001000011111110001100011100101010001110111
1101000011100010000101111101001101111110100001001001011101011101
0110100100011111001010000111100010000011000100110100101011110100
0010111101110101101110001000001111011101110110100111010101111001
0011000101110000111010111100101011011000001100101101001111010001
1001111000001101110100100100100111001001100011110101110100011100
1010110100011010011100111110010100000001111000000111100111110000
1100001001111001000100011111010000000111111101011001111011111100
0010110010000000100001110000000100100010111010110000011011011110
1010010110001011000001100110011001100010111101010001100001101000
1100110100010110011100000000111111111010010000100010001101001100
1001001111010001100110011010110101010110000001001000001100011001
1000010001000111011110011010101111011001001001011110100010011111
1111000011100101010010011100100110110100111000011000011001010111
0100000000001000001001110011001001101000001010001101100001010110
0010101110000111100111111011001100010110100101001100111001100101
0011101011111011000100101000100010000101101011110000001000001010
0111111110100101100001010101000001111101011101110101101010011110
1011000010111001101110100011011010000000110011111100101100101111
0000111000011000011011011100101101110111000000001010110100110100
1011000101011101110001101101000110010011000010110001000001000011
0110101010100011110100101010100110101110111000001100011011101110
1011111000110111011001101101000101100100011001010011000101101110
1011001110010110111000010101011000101011011101001000011101101010
0001011010011000100010100001000100100110010011100000010011110010
0011111110011101011101000110100111000110111101110110110111010001
0111101100100010101110101110110000100010010101011100000111110011
1000110111101110001110101010001100100111101011010000111010110110
1000000011100111100000011110100111101111101011010110101010110010
1100010101110010100110111000110111101010101001000000111101000110
1001000011100000101101000110101110010011110101100001110111000010
0011000000011100111111011100110001010111110100001001111000100100
0010000000101110001001000001110010010010100011100001010100000001
0111000110100011110110100111010111010111111000011111011000101101
1001010011100011001010110011000110101010000011110011111000111110
1111100100101111000010111111100110101111101110000110111000110000
0001001001101010000100101100111100100011100110100100011010100011
0100111100110001111010000110010111011000110001100100000010101101
1111010100111101000101100100011111110010011010110011011101111001
0100011101011001010111100110010101111111100011010011110101111000
1110101011010110110101000010010011011000001010001010100111011000
0110101010100101010111110101010001010011111110010101100001010100
0000101001111011001010000110111101010011110100111010000010011000
0011010100000001001001100111010101010000011000010011010001001000
1000110101000110110001101111100001000000010000011100001001100111
0100110011001000011111001010011110100100010000101101101100001000
0100101110100000001111111011110110000111100000010101111101000110
0100100100101001000101011101011000111010000011001111011011000010
1011001001101001101110101011100101111011010110110000101100111101
1110110100101001010110011100111100111011100111011001100010010010
0100000000011110101011001001010011010110100001111110001111101100
1101110011011000110101111111111001001101001100100010011010101110
0000011010100001011010010100110001110010010110100010001010010101
0110110110100011001001001110111110010011100010101001100000101111
1100110101000000110111100010011100011001010101110000000011110001
1110111010101001001110011110000101011010111000101011001001010010
1101111101001000001011100110000100101011010101110000110101011110
1011011101100111010100100111000001110001001111100011011100001000
1001010111101100101010000100111100110010110010011000111010110110
1100000111011000110111111101111100010011101100000110001000010110
0100110111110101001010000101000000111111100110000011101010011100
1100001010010101110011100001011011100010110111111100010101010001
1011000110010000111000011011110100101001001010100001101100000110
1100000111010111011101000110000010110011111001001110001111011000
1011111001111111010110111110110110100111011010111101001010010100
0110100010110000010111011010110011111001011100000010010111101110
1111110001110111111111110011001000111011110111000010111101111110
1011000101101100111111100100010111111100000101010011001010001100
1111010100001010010110100010010001011111110010100110010101110100
0100010001010111010100111011101100001001111010100010011000001010
0010001100111100111000000111001011011010011011101010011110100001
1010100101011001001010000000000101001100011110001100101100101111
0111100101011100010000110100111011011101000111011010110010011100
0001001110111101011110101011011011000011110001001011001111001000
0001101011000110100001110110110000001101111001110000110101011010
0001110001100111011011100000011100011111111110000001001100110101
1101000000111100101111001111100111011110000111101001110011101011
0110010001010001000100010100011110101011101111100011110000100110
0110001110010110010110100000000110001110010110011001011000111100
0100001100010011000101111111001001110000110110111001111010010110
0110001101000000110101101011100001100000101000000101110011011010
0110111111011100101011100011101011100111011010101000101010111111
0000000111001111000011000001101010100001010110011011110101101111
1001101101100010111100000000101100111000000100101100011000100101
0101000001100011100110110001011111001100010011101110110100101000
0010000110101100010111111011100100000111110000000101100101010100
0000010100010110100111110001111010101101101010011010110110101100
1100011111101101010110101110001110110101011111110010000110010111
