0000000100010110101001000110010111000101110101001000000100010000
0000100010101001001011011010100010111001101010111011011000000111
0000111010111001010010101000100100101010100101010100010010001100
0000111011111010101010001010001010100110011011011000111010111011
0000010100001110110010011100101100010011001010010110001010010111
0000111000110011100110101000101100011010100111100000101001001001
0000110000001100110000011001010001001000000100001000000100011001
0000110100001110111100011000111100001010010101100111100000010001
0000010001011110010110000111100110111010010000101010110000010000
0000000001111101110110110110111101110001001100011010100011011100
0000101001110110111000000100100101000110001001000101101101000111
0000111110111001011001000011111001001011011110101001001001111001
0000000000011110000000100000100000101100000001001101010010001011
0000101110010100100110100100101111101001101011110011111110101001
0000011100010001101010000110001000101011001100001110001011100100
0000111111001010110010001010100000111011101101100010100101000011
0000111011011110011010010000101011010000000110101001100001101011
0000111011100011110001010010111110001011101000101000111011101011
0000000100111011100101000010110011011010101101001110001111110010
0000101100101001000101010101111011100111110011001010011110100100
0000000011110100001000111100100101000000010000000010110100001111
0000010101101101011001100010011110111001011011100010111111010111
0000010000001001110100001101100101000001011010011110001111001011
0000111100000001110110010001101011000100100110110110111011010101
0000111011011100010100101000110101111111100010011010001111100001
0000100101100010101111001100111111001001101110101001111100110110
0000000000000010010000011010101001010110100000100101010000011011
0000001110001101100010000101010001111101110111101100000000000101
0000110011100010101110001110101000001111000000100100100001100010
0000111110010000111110011111111100011000101010010010100111100001
0000111010000001101100100000100000001101000100011000100011110000
0000000010000011110001010101010111010010111110111110110000111101
0000011111000001111001010010010001010001101110100000101111010000
0000101111100010110010101010111001111001101010100101100111011111
0000101101100101101000111110000001001010101100110110101110101100
0000100111110101111011001110000000110100001111001101011100001001
0000101001000110000011001010101110110000011101101011111011010100
0000000001010110010100000011100010000001100110110100100000111010
0000001000100010000110100001110001100000100001100101000101110100
0000111010101100001011010100100111110111001001111110000111011011
0000111101001011001110010010111100101010000111000100001100010010
0000010110010100110011110111101110110101110100001011110100110101
0000101000111001110001101100100111001101001000000010100001011110
0000010111011111110111101111001101111011010100101100100111000000
0000110101011010101010101011100011000110000001101011000000010010
0000111011100010110111101101111000111110100100101011100110100000
0000010001111101110101110000110010011110010000001110101111101110
0000110110101000111110100111100111010000100110111011000011111010
0000001100000110110010101110111000000010001110000010001000110110
0000101111010000101001111011101000111101111111110100100101101001
0000001110110011101010011010100001010100101111110000001010010100
0000000110101010100011000001101110110010000110000010000111110001
0000011100100010110001011000000001110010011000010010011100100010
0000010101101000100110101110011011010110100111111001111010110100
0000101001000100100000010010101100010110100001100101011010101110
0000100010011100010001111111011111111000101001011011111101001101
0000100010000110111001101100101010010000010100111100101100100100
0000111000000101011101010010010001011101001110101101001011011101
0000100100100111010101100110110101110111100100100100000110100010
0000010001011001110101011101010101110010110100011010110111111011
0000001100100110010010000101000001001010010100110010100000010000
0000110010011111001100001011011100010011111011110001111100111101
0000001111011010001011000000100000100010011010001110010010000011
0000110111110010010111011001101001000111101101011101011011011001
0000100110110000110011100001100101000011100111000100010110011001
0000011001101010110110110010111011101111111010010010101110011110
0000010111111010000000111100110101011101011001111100010010110111
0000111010110010111010111100111111000000110000101001101100111000
0000100000101011101000111011101001101100100101010000101000111111
0000101101111101001110011010001110011001101100100011110001111011
0000110100000000100111001111000111101111000110000100010100100011
0000111010100011111111000111110001000110110100001010111010110011
0000000100000001001000010010010000011101001001100111001100010111
0000011100100100011101110110101010010000011100010100001101101011
0000100111000001000111110010000111000111000101100011000101100011
0000011111101010100111101000111101100110010000110010111001100001
0000000001111100111111101111110000111111101111110101100011101110
0000110101011101110001011011111101101110100101111010100111110010
0000001011000110000001001001000001010000010111111111000100000001
0000100001001001111001100100110100010010110001000110010110101111
0000100101011101111010101100001011101010101001010111101101110110
0000100110001101000111101111111111010011011100110100011000111001
0000010000110100000001101110000100001010001100001111011010111011
0000001110100001010001100110111101011101000110111001010000010111
0000110011010000110000010000110110001001000100000110010011100100
0000110111011011000101110001110000100011011001111010100110111101
0000110101111111000100101001000111111100111110101100001010100010
0000110000100110011100011100101001011101110101111100011001000010
0000011000000010010010000010110010101001010011001010011010110001
0000001011100100111111011010000101111111011100101001111110011111
0000100010111101011011010101111010100000000111110010010001011110
0000101011111010011100011001101010101010110000110111100011111000
0000011001011100100111011101010111000001110011111001101100100110
0000001111110010101101101111111000101010110001110000111110111101
0000111001011000110011111111111000011001100001011011111101011101
0000110111101001010100101000100101111111110011010010100011101011
0000010111000001101111010101101111001110010011000100100010101001
0000000000001110111101110111110111000111010010100010100110010111
0000101000100100101110001100100100001001100010100101001100101101
0000101001100110011011110100111101111110101101011010111101110111
0000000011110001011001011111110101101001101101100110111100111110
0000110110100011111001110010111010100111000011011001000111111000
0000110001111110110110110110110110100000000101000111100100100000
0000100101100110010111001011011101101110101000110000110001001000
0000111000011010000100010010110111101010100100100010000100111110
0000110101011010000000001111000000011011101001001101101010110111
0000010000001111000001000011100011100110101010100000101001101001
0000111101011101100011101000010001001100101011011011000111110011
0000001110000100111101111010100010000011110010000000001010110110
0000000011100100010011110100011110000101111100001100110100101100
0000011011000110010000001101111000010110000111000100100000101001
0000011101011001110000111101111110110111111110011011111011010110
0000100110010101000000110110111100100100000010000100000000111101
0000101010101010111011111010100110010000011100110100101111100011
0000111010110001111001110011100100111011010100000011101110111011
0000111001111010001110111001001011110010101110101101100001100010
0000110010101110000001101011001000111111000010010100011000010110
0000101101100100101100011111011100010001101001001010110101011110
0000100011101110110110000010110001101001010010110001001110101011
0000011101101111100000111100111100011111110010011011110001111111
0000110001001110101010010001101001010000111010010101010011110110
0000111111010111111001011111111101001011111001111011111011111100
0000011001000100101011110110100111101101011011001000101001010111
0000100010011011110101111101110111011100111111111100100010110000
0000011111001000100110110001011010110100100110010000111110001100
0000100011111100110010101001111111001110111110010100100010111001
0000011011101101000001000110001010000111000110000110100001100110
0000110100111011011101111111110111101111111000011010110111011000
0000000000101101000110101101001010011001001001110001110011010111
0000111010111000000101100100000101100001011101101100010000101000
0000000000110001000100100101101000000010000011011000101010101100
0000010011110111110011100111101001001010100110001110111011110000
0000000111100010101101101111100110111111101001100100100101010111
0000011100001000011011110111110000101000110101101110011000101101
0000000001110000110101011000010110001011000001111000010001010100
0000001100101110111111010100101100100101110110001111100111010010
0000110110011001010101011000000110001000100100011011000100010001
0000001101001010000101100000100110000000010100010111001001000110
0000001010000011101110100001011101101100010000000000011110000011
0000100001001000110000111110110001100100111001000100010001110100
0000110001000111000001011010100001001100100011001101010010011111
0000011100110010000111110000110011111111101100000110010000010101
0000110101111001010001111010011100110001000011001011100010011010
0000110111101100010101010100100101110111101010110110111011100101
0000111101010101010100110010101110011010101001001011011101100110
0000100000011010111000111011010111010101111001101011000100011101
0000001101111110010010000001010011100101100101011111000011011110
0000100001010000001100100001011100110100110101001000110110001111
0000010010011101010101101000110010101001101011001000011010000100
0000110101011010010011100000010011101101001111110001110011100001
0000100010110110010001111111010100010100010110111011000101000010
0000110010010011011011111110101010100110101110001100101110101010
0000001100010111001001101000100101011000000011101100001001110101
0000001000010000011101010001110010101100000011100011110100100011
0000100100011111101110111000100110110100010100010111000111010000
0000101101100000111011100001010101100111111111110011110001101010
0000001101000101110000010111101010100101110010001100011001100000
0000101110110110001010001100000011100101001100000111111110010000
0000111011011010111011010011010100100110001101101110101010110011
0000100100101111111111100101110110100010111111001111111101100101
0000001101101000010000101001111100011110011100101100000001110011
0000110110101001101011101110101101111010111101011010111011100110
0000010000110111101111010010011101001011101000011010100000110110
0000011111101111101110000001100111011111100100001100110001101111
0000100100000110011010000000100111101110010011101000010010101010
0000001011111101101001101001110011100100110010110111100100101000
0000100010111100010111000000100011011110001111100100001000011101
0000010010100011100011110101110100000011101001100100101010100100
0000100100010001001101100110101001011010110111011000101000110001
0000011001010011110011001000010000010010100111000110100101000101
0000010000110100010100001111101001110001001010101001110001111101
0000111101110111011100000110011101111000101001110011111100111010
0000000010000111110101011010010101010100000000101011001001101011
0000110111011011101110011110110010110010110101001110110111101010
0000101101110110000011111101101010110001011001101001010110000100
0000000001100100100000101001000101101111110001101101111111010011
0000000011011001101100111001000010000001111000110100001011011010
0000111110101111001111100010101011100100110110110110111010000010
0000000011010101011010000000100111000001001100011000011110101001
0000110100010100110010011001010000001001000100001100110001100010
0000100100100100011001101000101100001000011111100010001110101000
0000011010000101000110101100010111111110011110010111110111100101
0000001001111000001000000101111011101001011101111111000001000011
0000011110010000110010001110111110111101111011010101100010111100
0000101101010001000101010110111001110110001100000101011101110101
0000011110011110010111000010101011101001101101111001111000101001
0000100110010110101001001100001101000111010001111010101101000100
0000011001111101101111110110111001001000111100101000111001101100
0000001111111101001000110100000110001100000010111110001010111000
0000110000010100110011011101011011001101111110000100111110111101
0000001101110101111100101011100100000011000110111001110100110100
0000011000100011100011000011011110010100101111110100110001100111
0000110000001111110101010110100000011001001101000110001011101100
0000101101100101100111110101000011111010111000001100110101101011
0000010001011110111101100001110110111011010100111110000000100101
0000000001000000101010010111111001011011100010101001100110100110
0000100001000010100001001011111000010100101000101100101000001001
0000111001100101110111100000001100100101100100001101100001100101
0000100100101101011010011011010101001111010000111101111010001011
0000010001011111111000111011011000111011100000011011100010110111
0000100010100001001100110110100101110110010101101101001100010111
0000000011101100001111101010100001111010111101001000000111101111
0000000110010001011100110001111000000101010110100111001011001111
0000001011000110110010111000000000110111101101111110101011111000
0000111110101000010110000010110100101100000111011010111100100110
0000101011100001110100110100111010110011110111000001001000011001
0000101100010001100110011100101010000100011110000101000000110111
0000111010011011111110111011000100111011111110010111101100011111
0000110001010000100101111111010110101011101000100110000111111000
0000111111101110100011110110100010100101111000000101101001011011
0000000000000011000100110001110000101111011111000111011011000001
0000100010101011100111011111010010001011100100110110100000111011
0000011010001011001101000000101001110101000101111010011010000111
0000111111111000001010101001011101011111100001000110111111110111
0000110011010010000001000001010001010100000110111001011011101010
0000111110110110101011000111101001100101111011101100000110010001
0000101111111000000111110000110101111001011101001101001101101011
0000000001011010100101110100100000111111100101011100010000111111
0000111110011001100110110001110001001001111001000111010011010100
0000001101011101101010101110100010000101011101001110000111101000
0000000101110100001110001100110110110110011011101111110001001010
0000100010000110101011100011101111100010111111110000100011101011
0000110001101110010100000100111000011100111101001110111111100101
0000111011111010100011001111001001010011111101001011100110011001
0000110011111111100011010100100001011100100111100100101011001000
0000111111111111010000100000010111110001100100100110101101110011
0000011010000111111100000001101000000111110010110011011000010110
0000100011001011111010110000010111011111100000101010100011101100
0000110000011010100011010011011011100010101011001010100110101100
0000111000101011111111110010011001000100110001101100111001111000
0000001001101010100001111100010101110110110000110110110010011100
0000011101111110111011101111111110010100100100111101011001110110
0000110011111100010011100100110110101101011110100101011011101101
0000100111110001101100000000001110010001100010110010100110001111
0000101110010001001110001101010101010010010010011110100111000010
0000110111111110101011111101111001111111100101001100101001111100
0000011110001000101000100101111111001010001110011101001110101010
0000100010011111101111110111001101011101110011001011111001100101
0000111100101010100010010110011100110011001010001010010111110001
0000101000011111010111101011101010011110000000011011101110101011
0000011000101110011111101111100010011100000010011000000111111011
0000001000110111100110011111111101011011101101111101101001111101
0000010111101001010010111101011101100100000001010010011111111010
0000001001001111111010110011101000100110110100001111010110001000
0000000000010011011110000001100101011001101001011000010001011101
0000001100101100110000111110110100101111101000101011111010111101
0000011010000100011010011000001100111000110001111000110111010100
0000001011111100001111001101100010011000110110010000101001000000
0000100100001000010110111010110010101011001110101101111101111111
0000011001001011001101100000001001110010110101101110110110011001
0000101000100010110000100010000110001000001100011001111000010010
0000001000001011011000110111110001111001010010100001001110001010
0000101000000000001100010010001010100110101100010101001001000101
0000010001001000110110000010100101000110111100110010101000111110
0000001000110010101100111001101000111100111110101111111011001000
0000110001110101111010010110110011110000110100010101000011110010
