0000010100000001111111011011100010010101000100101011010100001110
0000001111010000001101010101111110110110111111000100101000000001
0000010001010001111000000100110001110010111010000001010010000111
0000100111101101111011111100011111010001111000101001110011000011
0000001100000000001010001011000110100000101111110101001101011110
0000101111010001001110101101010111011111100111000110110100001001
0000000011011000000000010010000100110001010011110110010000011011
0000110100100100110001011110101101010000010011011111111001011110
0000000000110110010101100011000100101100101010011000000010000010
0000100111111000101010110110011001110100011010101000011101111001
0000100101101100001001100110101111000100100010101101101010001010
0000011101110011111001111111111000111011111100010011111011110001
0000000110101101110100011100000000011010010000000101010000011011
0000100110001010110000100010110111100111111011100110101010000001
0000101010110011001000110101110001010001100011100000001110010110
0000101110000101110111011100101100100111100000100001111111110010
0000010101001101101111110000111011100001000101010001010110110010
0000011100100001101000001011110001100011101101110011001101110010
0000011110001000100101111011011010101001011110001000001000011011
0000110111011100110110000001000111001101010110100001000111010001
0000101010010000001101000111100001000111100101000001011001000100
0000111001011010001101011000111011110100111000100010101011111100
0000100001101101000111100010101010100101100000011010000101011010
0000100100101001100100001101110010100101001101101100101010000011
0000110111000110111101110100111011010110001111010011010110000111
0000101110110101101111100000111011101100011001100110111100100001
0000110111101011100100111010000110110000101000100000100011100000
0000011001100001111001101100010001011010111101000000001110101101
0000000010111000000011100000100110011001110101101110001001001100
0000111000100101100101010010111100000001110001001011111110101011
0000000101111001110111010101100011011000001000101110011000110000
0000101001010000011100000001010101001100001101010001110010011011
0000011000001001101111000001101110100101101101100000001101101101
0000111110001000111100101001010001100101011001101111100011101110
0000110110000110010100001000010011000110101100011111101110001010
0000000110000100101101001010101111011000101011110110111100011011
0000101111110110111100000000110110010100010110110000110001101101
0000111100100100110100011100100000101010001001101111101001000110
0000001100100100000101101100001000110011011011110100001111110101
0000000010101010110110010101100011000111100101110101100001111111
0000101000010100000100011000001000011010000010000010111111011110
0000110011110111110001011111101111101100010100000000100101111101
0000011100001010001000101111100011010101000110110001000000010110
0000100001001100010101011111010110111101111011101101001100101101
0000100011000011001111011010110010001001101000000101000111101001
0000110101001100110011101111111111011100100101101010101100101010
0000000110111011110011111100001001110010000100001001010000011011
0000111010001011111100111010101110111010111100011000110100011000
0000101000001000010110000011010101010110101010001011000111001111
0000001111110000001101111100100001111110100100011001100001110010
0000001010110101111100000100001101100001100101100000001000001011
0000101100010101110110000101111100110011101001100011111001000000
0000010001001010011010001101000101100001101011111000011000000001
0000000011011011100111101000110010001000000100011010100110111000
0000001101001000010001010111100000010001001110100100000000111101
0000111001011000111000111011010011011000011001011000101001111001
0000011001000000000000100110001001000000110110101000111011111000
0000011001011001001000110101111101011100110001011101101111111000
0000010010010100101101010110100101110110110000110110000001001011
0000110100111001010100011011110100011110110100011110110000011110
0000000110111000001011110111000100000100011000001111101100100100
0000111101001110111000000100111000110101101100011101010011110011
0000111010010101001110100110001110011011100101010111111001010011
0000111011010001111111100101100010000111110111000110111111000001
0000000110010100000110101111000000100000100111111011010101001001
0000111000000011011101011101111100011111010110000011110011011011
0000000011001110011010010011100111010011010000011000110110010100
0000111000011100111110001100001010111110010100101011111110100011
0000110000001100000100011000101001101101100001011001100010001001
0000111100011100100111111010101100110001011011111111101010011101
0000010000000000110100111000110000100100100110000010000110000011
0000111010010111111110010100011111100001111101001010101110000010
0000011011000101000000111110011101000101100101010111100000100010
0000111001010101001101010101111101101010000110111011110111001011
0000000101001101000001100100101110000011000001100100001001001000
0000101000100010110011101110101010110111010101001001010110000101
0000101101111001001001011011000000010111110100011011010000011111
0000111100111110100101110100110101110111011000101111010001000101
0000001101011001111011111001010111100000101010111000000001000001
0000111101100101111111101000001000101101011001100011011001101111
0000000111110001000110010100010001100011000001000000111110010000
0000111100001000111011100110011110110101001110110000111010110001
0000110101111011011000011000101010011101111110110010100111111101
0000100010100110011000100110000000110101011101110101000111011100
0000010001000000011001111000100000100010010010101111110000000111
0000010010000010111110011011011100011000101111111001100011001001
0000000000001101101111011101110100000001001110010001001011011100
0000111100100101111011010000111100101110010001010000011011011110
0000000001001011010010001110110010100100110000110001110011000010
0000001100100010111111111111000100110011100100011001100010010100
0000010110001110110000001110110110000011010010010111001100000000
0000101111101111001100001000111010111011011011111010111101111110
0000010101001100101100111000101000101110100110101101111011011000
0000101011000011001101101000111001101001111100001010101100110100
0000100011111001111010011001101110111001110000110000000100001001
0000011010110111101111110111010101100101110111110111001011110011
0000001101000010001100010111100111011110000111100110101111000110
0000110001000001011111000110011110011001011010110010110001001110
0000001001011010011110011001001000111011110000011110000000011101
0000100001101101111101001111000011011010101111011110101001101001
0000110010101110101010000100001111011100110101101101000100001101
0000101011100001111101101001011111010001100010100011011001100011
0000011101110101101001001101100010000111001010000001001100100011
0000101111001001010010110000001110011001101000010111101110111110
0000110110101110001100101010110100000111101011011110100100011010
0000100010011010000101100001100100110100110011000000101011111111
0000001111011010101111010001110110000101111000011100010001100000
0000110101010111101101001000000101011101101101001011000101011011
0000000010000000101000000011100101000101110010100111010110100010
0000100000100000011000101101111001111110010110100101110001000100
0000101110111111000011001011100110001011100010000000111110010011
0000111000010010011010011010011110011110111011011010111110010011
0000010000000101100001000001110110100110000100110000000010100100
0000101101001110000011111100011011100010101011011000100110010011
0000000001010110000100011101110100110101010000010111100100010101
0000100011101001111000111101110011111000110001010000101101101011
0000100001011001011100001010111010100000100100000101110001010100
0000111110100011101100010001100111111011010011001111101100000000
0000101000110001110100000111101010000010000010111110101010100001
0000101001001101100011111100110101111110011111101011111001110101
0000010011101001101110011011110110001110000101000000010010000011
0000111100111110110101000111110001011101000110001110101100011110
0000011100111000101111101111101110000011101011001011000000111100
0000101101011010100110101100111000011011101101011101011111111000
0000011101011101010100010101011001101110000011111011001000111011
0000011011011011111111001110111011010011101111111110010111111001
0000101010011100011010001001011110010101100011100101000010010000
0000100111101000011101011000000101011001110111010000111101111000
0000001001110010000110010100010010111011100011010101011010101000
0000101100011110010111000001110001000101011000111110100011101000
0000111001110100010000001011110001000110001100101110110111010010
0000011111101100111011100100001011110100101111010011110000000101
0000011101100100101011101100101100000101001110000100000000000011
0000111011110000111100101100110110101001010011110000101101101000
0000101110001110000111010100100000001110001101011000101000011101
0000110111101110100011000000000111000111100111000011111111000011
0000010110010111110110110001011011100100110100100001010110111011
0000111111101101100000111010110100011011000111000111000110111111
0000010001001100010100100000101000100011111101000110011010100010
0000110101111100010111011011110000100110011011110100101011110111
0000010111001000100111000000101100001001110111001110010000111000
0000000111101110110011000011101100110110100010110010101111100010
0000101010000110011010000101001011111000100100100010000101000111
0000101010100110000100111110111010100100100011111110100010001001
0000000010100111000001100111110010000111110011001011010100100000
0000111101111001110111101011001001000100111101010101110011101000
0000111111110001010010111110100011000101100010010101010110010100
0000111101100010000101011101110101000011111011110100110001000111
0000111001011101011010001111110000011100100011000110011001011001
0000101110101001011111001101011111110010110011101001110100010011
0000111111000111100110010011101010011111111001000110010101000011
0000100001110010111001100101000010000010010010101101111001101111
0000001001001110010001111000011101110001001000001010000110110100
0000101001001100010101001110110011110001110100011011110000100101
0000001110010110101000000001110100111000101110011011111000110010
0000100100110101100001110111100111100101110111101011110101100100
0000101011000110011000001101111010000110111000101100010110010110
0000101110110010000111111100010011100010111111101010110010101001
0000001110110100111000001111101001001010110111010110100101010001
0000111111100010111101100010001011101110111001100110111000101110
0000010000100100000100111111101001000000100011001010011100010011
0000001011100001011011101010000111101001101101110011101111111101
0000010101000000001010010000110110001111111001000001001110100100
0000100010011110101001011011101011101011100001111100101111001011
0000110111101000101101001010001010111100010101010011010011000000
0000100101100111101011111101100110110100100011000100101011110101
0000101001001110111110001011011100010101100000011000000000101110
0000001110000111001011101111001010001101101110101000110101101110
0000111000011001100100010000101000010111000001011011100000011010
0000100111000001101111000001000001101100110101100011110001000110
0000010100100000010101110101010111101100000000111011010101100000
0000100101100111100101101010000110110111001110111001111101000011
0000011111110110111111010100101100000011000111101010100011001111
0000110111010010101100010101101000001011101110000001110100011111
0000011101101000110011100000111011100010110100101001010011101001
0000100011110110000100100010100111101101010101111101110101100101
0000110111001100001100000011001000111010101001100001000101101000
0000101001100101101101111110111001110111100111100100110101100101
0000000100010010001010011001110110011100100000000011001110011101
0000100111010100100110011010111101010010010000100100100110110100
0000001110110010100000010100101011000010100110100001000010001111
0000110011010111001011111000000111100001000010100111101010100101
0000001010100110001001000011001001110101010000000001000001011011
0000110100111110010000000110111100100100000111001000101000011001
0000111100010111000000101000101010001110101111001010010001011111
0000111111010011110111100110100110110001111101101101101110001100
0000001100001110000110000001111000101110110011101000000111000001
0000110000100111110011111010111111100111110001000000111110100010
0000000100010011000110111001000000010011110110101110010010010111
0000110101101101111110100001100111100011010111011001111100110100
0000011100010111111001000011110110110001100010010011001010111100
0000110011010111110011000000010111011111110111000001101110101010
0000010000110111000110000111000000101101100110101011010101001110
0000111001000111100101110100001101110000110111110011011100111100
0000110001000101111111110111100001110010110101111000010000111100
0000110010101010101100010010110111110101000011100011100000111001
0000001101011011011101100110010001110000011010011111001100001011
0000101111111001101111100101101101000011111001110001101000101111
0000001000010111000100011101100100100010101110011010010010011100
0000100111011010110101010011100110011111000100110111110000011010
0000111100000100010110000100010110000010001000000000001011010010
0000110001111001100100111111011000000100110001111100100001000101
0000111110010100010101010110010101000111011010000011011000100011
0000111010101110100111111001100100101110101010110110110001101111
0000101010011001000100101010000010011111110001010110001111110011
0000110111010101101001000100001111101110100001100010010001000010
0000010101100011001010000000001010100001001000010110001110000111
0000111111011001000000011111110110111111110110011011111001001101
0000000110001010000100010011000100100101011011101010101110000011
0000111001010011010000000100110111101100101000100010100110000101
0000010100000101100000110111101011110001100111001111000001110100
0000011111001110110010010011010010011011001011100011111010001011
0000100100100100110001101011111000011000000111001011001011001110
0000011100100111100110110110110011011110011000011110111101000101
0000000001010001001011111011110001011001101010101111011101100111
0000110101010001000111110000101101101001100111100011110000000011
0000100101111100010001000010010010010111010010000101111011111111
0000100111111101111010010001101100111011001110100100100100011011
0000111101100011111001101110101001111011010101000110110000100111
0000111001000111101011010100000011110000101000111111111110011011
0000111111001010011111011000000101100001010000101101010111100000
0000110001000011100000011101100101000101000110010111110011000110
0000001111010011010010011100101100011110111100100011010010101110
0000001110011100101100010011000100110101100100001101100010011001
0000000011011100101011101100001100100000100010100011010101110111
0000100111111001001011111111111100110010001111011110010100111010
0000010100011110100100000100100010100010110011110000101011011011
0000110010000101011111001101110000010000010011100110110111010100
0000101011011110100111001010001010100000101001101010100111111100
0000110011111010101001101100101001101011101001100101110011111011
0000100001100000101111110000011001000111011010100001010111101101
0000110110111110001110011111110010110101000110100111111110000111
0000001001110100010000111001111101001100101011101000101101101010
0000100101101101110101001011100110000101101111101100100111011111
0000100110000101110111100001000101011010110100001000010011110001
0000111111111000111000110100111001111100001000100010101100111010
0000010101000111001000011100001110110011101111000111010000001110
0000010001001011000011111010011010010010110110100110010000010110
0000000011101000011100011110000111110000110110010100000000110001
0000100101101011110111100110100001011111010010011110110011110000
0000010011000111011011101000111101111100000001101001111011010011
0000101001010111100101111111101101100011111110011001101111100000
0000010101101111000110010010101010100000100100011010000011001010
0000100101010101010000100000110000011101100001001001100000011000
0000011001001111010001011011101000001000101011101100000110100010
0000100000111110100000101010111110101110100010101111101111111101
0000110010100101101101010010010100001010000010010101100000101100
0000100010001101111110011100011011010100111000011100000000111001
0000010001011000011000010001101010101000111100000101001110010101
0000110010110100100000001010101100101001100010010111111001001100
0000100110101110001100110110100000000101000110000001010000001111
0000110000001111011010100111111111100111101001110110111111000111
0000000000100101101000010001101000110011101000010000001110011001
0000101110001111110101000101010001100101100010111111110011100111
0000001010111101110001000010110100110000010101011000001010011010
0000110011010110110101110100000111111101001010011110010001101010
