0000001100000000000001100000000000000000000000000000000100000000
0000000100100000000110100000000010000100000000001000001000100011
0100000000000001000000000000000000000001000000000000000000000000
1000100000000000100110000001000001000000000000000000101000000100
0000000000000100000000000000000100000000000000000000000000000000
0000000100000000000010000000000001000000000000100001010000000000
0000000000000000100000000000001000000000000000000000000000000000
0000010000010000000101000000001001000000000000100001010001100000
0000000100000100000000000000000000000000000000000000000001000100
0000110001100000000000101100000000000000001010101010000001010010
0000000010000001000000000000000100000100001000000000000000000000
0000000100000000100000000000001100000110000010100010000000110000
0000000000100010000000000100000000000000010000010000000000000000
0000000000010010010001100010000000000000100000000000100000001000
0000000000000000000000000000000000000000000000000000000000000000
0001100001000000100001000010001001000000000000000100000010000001
0000000000000000000000010000010000000000000001000000000010000000
0001000010000001100001000001000000011000000000100000000000000000
0000000000000000000000000000000000000000100000011000000010100000
0000100000000000000000000000000001010000000000000000000000100000
0000000000000000000000000000010000000000000010000000000010000001
0010000100000001010000001000000001000001000000100000000000100000
0000000000000100000000000000100100000000000000000000000000000000
1000000001000010000000000000000000000011000000010100000000000100
0000000000000010100000000000000000000000000000000000000000000000
0001000000100000001000000110000011000000100000010000010110000001
0100001000000000000000000000001010000000010000000000000000000000
0000100110000000000000000100101100000001000000000000110100100011
0000000100000000010010010000000101000000000000000000000000000000
0000010000000000010010100000111000000010000010000001110100100000
0000010000000111000000000000000000000000010000010000000000000000
0000000000000000100000000000001010000000000000000000010000000001
0000000000000010000011000000000000000000000000000000000000000000
0000000101010010010000000001000001000000001001100000010000000001
0000000000001000010000000101000000000000000000100000000000000000
0000000001100010010000000100001100100100000000100010000100000000
0000000000000000000000000000100000010000000100000000000000000000
0010000100100000000000010000000000000000000011100000110000000010
0000000000010000100000000000001000000000000000000000000010000000
0000000000000100001000001000000000000000000000000001100011000000
0000000000000000000000000000000100000000000000100000000000000000
0000000000010000010000001000000000100010100000000000000010100000
0000000010001000000000010000000000000000000000000000000000000000
0000010100000000000000000000100000010000000000001000000010000000
0000000000000000000000100000000000000000000000000000000000000000
0000000010000000011000100010100000001101010001000100100000001000
0000000000000000000000010000000010100000000000100000000000000000
1000100000000000000000000010010000010000001000000000100000000000
0100000110000100010000010000000001000000000000000000000000000101
1001001000010010000000000000000000011000010000000010010000000000
0000000001000000000000000000000000000000000000000001001000100100
1010000000001000000000000010010000000000000001110111000000100000
0000000100000000000010000000000000000000000000000000100000000000
0000000001000001000000000010010000000100000110100000001000010000
0110000000000100000000001001000000000000000000000000000000000000
0010000010010100100000000001000000000000001000101000000000000000
0000000000000000000010000000000000000000000000000000000000000001
1010000100100000011000000000010000100000000010001000001000101000
0000100000000000000000000000001001000000001000000000100000000000
0001000000010000000001100100000000000100010100000000001000000010
0000000000100001000000010000001010000000000000000100100000000000
0000100010000100100000000000000010000000010000000000001000000010
0000000000000000000001010010000000000100010001000000010000100000
1000000100001100100101000000000000010000001100000000000100100010
0100000000000000000000000000000000000000000001000000000001000000
0010100001000000000000000000000100100000010000000000000000001000
0100000000000000000000000000000000100000000000000000010000100001
0001010000000000000000000001110100000000001000000000000010100000
0000000000000000010000000100101000000000000000110010000000001000
0000001100000011000000000000001010000000000000100000100000000000
0100000000000001000100000000000001000000000100000000001000000000
0000000000000000010000000100000000001000000000000000000000101010
0110010000000000000000000010000000000000000000001000000000001000
0000000000000000000010000000000001011000000000000001010000000000
0000000000000010000000010000000000000000000001000000001001000100
0000100000000100100000000000000000000001100000000000000000001011
0000100000000000000000000000010000000000000000000001000000000100
0001000000000000000000000000000000001000000001000000100100000000
0100000000000000000001000001000000100000000000000000000000000000
0000000100000000000110100100100010000100000000000000000000001100
0000000000000000010000000100001000000000000000111000000000100000
1000000100001001000000000000000000000010010000100000100010100000
0000001000001000000100000100000000000000000000000100010000000000
0100000000000000000010000100000000010000100001000000000010000000
0000000000000000010100000000000000010000000000100000000000000010
0001000000001000000000101000000000000000001000000011000000010000
0000010000000100000000000000001000000000000000010000000100000000
0000001000000010100110000000000000000000000000000010000100001000
0000000101000100000000000000000000000000000000000000010000000000
0000000010001000101000010000000000000000000000001000001001100000
0000000000000110000000000000000001000000000100000000101000000011
0000000000000000000110000000000000100000010000000001000000000000
0000000000000000000000000000000100000010000000000000000000000000
0000001000000000100000000100000000010100001000000000000001000101
0000000000000000000000000000000000000000000001010000000010000000
0000100000001000100000000000000000001010100000000100001000000000
0000000000000000000000100000000100000000000000000000000000000010
1000100000010000000000100000000010000000110001001000100001000000
1000100000000000000000000000010000000000100000000000000000000000
0000000010010011010010000000100000101000000000000000010101000000
0110000000000000000000000000000000000000000000000000000000000000
0000000000100000000100000000000010010000100000000000110000000010
0000000000000000000100000000001000000000000000000000110000000000
0011000000000010000000000000001000000000000010000011001100000000
0000000010000100000000001000000001010001000000000000000001001000
0010001100001000100000000000001000001000000000101000011001000000
0000000000000000000000000000000000000000000101000000010000000001
0000000000000000000000000000010100000000000000000000000000000000
0000000000000000000000000000000000000000000000000000000000000000
0000000000001010000100000010000000000000101101001000000010001000
0000000000000000000000000000000000000000000000000000000000000000
0000000000010000000010000010000000100000111000010100000000000110
0000000000000000000000000000000000000000000010000000000000000100
0000010000100000000001000101000000000000010100000000000000000100
0000000000000000000000010000000000000000000000100000000000000000
0000000000000000000000000010000000000000000000000000000000000000
0100000001010000000000101000000000000000000000000000000000000000
0001000000000100001000000000000000000000000000100001100000010000
0000000010000000000100000000000010000001000001100000010000000000
0000100001000010010000001001100000000000000001000000000000000000
0000000000001000000101010000000000000001000000000000001100000001
0010000000001000000011111000001100000001001000000010000000010000
0000000000000000000000000000000000011001000000100000000000000000
0100000000000000000000010000000010100000000010001010010001010010
1000000000000000000000000000000100000000000000000000000000000000
0010001000000011010000000000110000000100000000100001000011000000
0000000000000000000000000000000100000000000000000000100000000000
0000000000000000100000000000000000000110000100000010000010000000
0010000000000000000000000000000000000000000000000000000000000100
1000000000000000010100000001001100000000000001000001101010000000
0100000000000000000000000000000000000100010000000000000000000000
0000000000000000010000001000001000101000000000000100010000000010
0000010001000000000000000000000000000100100000000000000100010000
0000010000000001000001000001000100000000000000000000001000100010
0000000010000000100000000000000000000000000000000000000000000110
0000000001000000000000000000001000000000000000000000000000000000
0000100000001100000000000010000000000000000000000001000000000000
0000000000000000001000010000010000000000000000000000000000000000
0000000000000100000000000000000000000000000000000000100000100001
0000000100100011001000000100001001100100000000001001000000010000
0000001000000000000010100000000000000000000000011000000000000100
0000000000111000000010001000000001000000000011000001000000110000
0000000000000000000000000000000000000000000000001000001000000010
0001100000000000010100000000001001000000100010000000010000000110
0000000000000000001000000000000000000000000000000000000000000000
0000000000000000000000000100001001000001000100000000000000001000
0000000100010000000000000000000000000000000000100000000000010000
0000110000100000000100101000000000011010000000000000000000000100
0000000000001000000000000000000000000100000000000010000000000000
0000001000100000000000000001110000100000010000001000000000000010
0100000000000000000000000000100000000010000000001000000000000100
0000000010010001000100000001001010000000100000000010000100000000
0100000100000000010000010000000000000000000000010000000000000001
0001100000000000000010000000000100001001010000000000000000000000
0100000000000000000000000000000000000100000000010000000000000000
0000001010000000000000000001000000000000010011000100011010000010
0001000000010000001000000000000000000000000000000000000110000000
0000000000000001110001101000000000001011000110001000000101001000
0100000000010000000000010000000000010001000100010000000000010010
0000101000001100000100000000000000010000000000000000001000000001
0000000000000000000000010000000000000000000100000000000000000000
1000000000000000000010000000000000000000110100000000010100100001
0000000000000100000000000000000000000000000000000000000000000000
0000000000001000000100001000001000001001000000001000000000000000
0000000000000000000000010000000000000001000000000000000000000000
1000011000100000011010000000000110000000100100000000000010000000
0000010000000100000000010000000000000000010000000000000000000000
0000010010001000000000000000000000100000000100001100100100000000
0001000000000000000100000000000001000000000000000010000000000000
0000100000000000000000100000000011000010000000010000000100000000
0000001000000001000000011100000000001000000001001000010000000000
0000000010000000100010000000010000000000010000000100110000000001
0101000000010000000000000000000000010000000000000000000000000010
0000000000000001000000000110010000010000100001000100000000110001
0000000000100000000000000000000000000000000000000000000001100000
1100000000000000000000100000000000001010000100010000000000010000
0000000000010000001000000000000000000000000000000000000000000000
0001000000000000000000000000000000100000000010000000000000000001
0100000000000000100000000000000000000000000000000000000000000000
0100001100001000000000000000011000000000000001110000000001000000
0000000000000000000100000000000000000000000000000000010000000000
0010010110001000000000001000001000000000000000000100000000001001
0000000000000100010000000000000000000000000000000000000000100000
0110000101011011000101000000000000110101100000000000011000000000
0000000001000000100000000000000000000000000000000000100000000000
0001000011000000000000000000000100110100000010000000000000000000
0000000000000000000100010000000000000010000000010000100000000100
0000000011000001000100000000000000011000000000100000000001010000
0100000000000000000000000000000000000010000000000000000000000000
0000001001000000000001000000000001000010000000000000000000000010
0000000000000000010000000000000000000000000000000000000000000010
0000000000000000000010000000000100000000000000000000000100000000
0000000000100000000000000000000000000011100000000000000000000000
0010000000000010000000000010000010000010001100000000000000100100
0000000001000000000000000000001100000000000000000000000000100000
0000001000100000000100001100000000000000100000000010000010000000
0100000000110000000000010000000000000000000000000100000000100000
0000100000000000000000000010000000000001000100000000110000100000
0100000000000000000100010000001000000000000000000010000000000000
0100000000000000000000000010100000101000010000000000001010000000
0100110000000000000000001000000000000000000000000001000000001000
0100000000000000010000100000010000100101000001000000000010010000
0000000000000001000010110000000000000000010000000000000100000000
0000111000000010001100100001000000000000001000000000101000010000
0000000000000000000000000000000000000000000000000000000000000100
0000000000000000000100000000000110111001000100100000100001000001
0000000000010000000000000000000000010000001000000000000100001000
0000000000001000001000100000000000000011000010001000000000010000
0000000000000000000000000000000000000000000000000000000000000000
0000000000000000000000000000000000000000000000000000000000000000
0000000000000000000000000000000000000000000000000000000000000000
0000000000000000000000000000000000000000000000000000000000000000
0000000000000000000000000000000000000000000000000000000000000000
0000000000000000000000000000000000000000000000000000000000000000
0000000000000000000000000000000000000000000000000000000000000000
0000000000000000000000000000000000000000000000000000000000000000
0000000000000000000000000000000000000000000000000000000000000000
0000000000000000000000000000000000000000000000000000000000000000
0000000000000000000000000000000000000000000000000000000000000000
0000000000000000000000000000000000000000000000000000000000000000
0000000000000000000000000000000000000000000000000000000000000000
0000000000000000000000000000000000000000000000000000000000000000
0000000000000000000000000000000000000000000000000000000000000000
0000000000000000000000000000000000000000000000000000000000000000
0000000000000000000000000000000000000000000000000000000000000000
0000000000000000000000000000000000000000000000000000000000000000
0000000000000000000000000000000000000000000000000000000000000000
0000000000000000000000000000000000000000000000000000000000000000
0000000000000000000000000000000000000000000000000000000000000000
0000000000000000000000000000000000000000000000000000000000000000
0000000000000000000000000000000000000000000000000000000000000000
0000000000000000000000000000000000000000000000000000000000000000
0000000000000000000000000000000000000000000000000000000000000000
0000000000000000000000000000000000000000000000000000000000000000
0000000000000000000000000000000000000000000000000000000000000000
0000000000000000000000000000000000000000000000000000000000000000
0000000000000000000000000000000000000000000000000000000000000000
0000000000000000000000000000000000000000000000000000000000000000
0000000000000000000000000000000000000000000000000000000000000000
0000000000000000000000000000000000000000000000000000000000000000
0000000000000000000000000000000000000000000000000000000000000000
0000000000000000000000000000000000000000000000000000000000000000
0000000000000000000000000000000000000000000000000000000000000000
0000000000000000000000000000000000000000000000000000000000000000
0000000000000000000000000000000000000000000000000000000000000000
0000000000000000000000000000000000000000000000000000000000000000
0000000000000000000000000000000000000000000000000000000000000000
0000000000000000000000000000000000000000000000000000000000000000
0000000000000000000000000000000000000000000000000000000000000000
0000000000000000000000000000000000000000000000000000000000000000
0000000000000000000000000000000000000000000000000000000000000000
0000000000000000000000000000000000000000000000000000000000000000
0000000000000000000000000000000000000000000000000000000000000000
0000000000000000000000000000000000000000000000000000000000000000
0000000000000000000000000000000000000000000000000000000000000000
0000000000000000000000000000000000000000000000000000000000000000
