0000100000011010100000011010000110000000000110110001101000000000
1101000000100111100011010000001001011000010100000100010011001101
0001100001100010000000011000011000100000000111010110001000000001
0100100101001000100001001001000010001110010010010110100010100100
0000010101000010010000001100010000001100000010000100001010000000
1010000000101001101010100000001010011010101000001010100110101010
0000000101010101000000000000000101010001000000000101010100010000
0110000001110110000101100000011101100001011000000111011000010110
1000011000010000001010000110000100001010100001101001000000101000
0100100000011000101001001000000110001010010010000001100010100100
0100000001001000000001000000010010000010010000000000100000000100
0000001101000010110000010011000000001100001001110000000011000000
0010000000011010100001101000010100101000000000000001001000000010
0010000010000101000100100000100001010001001000001001000100110010
0000000001010000001100000010010100010011000000000101000000110000
0100010101100100010101000001011001000101010000010110010001010100
0100100010000000001000000000100000000011000010000001000000010100
1010000010001010100010100000100010101000101000001000100010001010
0001010000000001000000010110110000000011000100011100000000100000
0100100000000010001000001001000000101010010010000000001000100100
0100100000001100000001000000001011010000110000000000110100110100
0100000001000000010101000000010000000101010000000100010001110100
0001000000010101000100010000000100000100010100000101000001010101
0100010000100001001001000000001000010010001000000010010100100110
0001010001000000001100001100010000010000000010000100000000000000
1001110000100001000010011100001000010000100111000010000100101001
0000001110100001000100010011101000010001000100111010001100010001
0110000000010010110001100000000100111100011000000001001011000110
1000010000000010000110010000000000100001000101000000011000001001
0001101101000010110000011010010100101100000110110001001011000001
0100000000010000000000000000010000000000000000000000000000000000
1010111010011010101010101110100010101010101011101000101000101010
1100000100000100000011000001100110000000110000011001000000101100
0000100001000001010000011100001000010100000111000010000100000000
0100100001000000010001011001010000000100010011010000000000000001
0100000101010001010101100001000001010101011000010100010101010110
1000001010011000100010000010100110001000100000101000000010001000
0010010000000000110000100010000000101100001000000000001011000010
0001110001010000000000011100010000000011000101000100000000110001
0001000001000101000100010000010001010001100100000000010100010001
0010000100100001000000100000001000010000000000010010000100000110
0000100101001001001001001001000110010010010010000000100100110000
0001000010000000000000010000100100001000000000001011000000000000
0010001000010110010100000010000101100101000000100001011000010110
0000000000100000010000010000001010000100001100000000000000000010
1010000100100100010000100101001101000100001000010011010000001010
0010000000000001001101100000000100010010001000000000000000100010
0000000100100110010000000000001001100100000000010010011001000000
0010000100000000000000100011000000010000001000100001001000000010
1001101000101001101010011010101010011010100110100000100110101001
1001000000000100010010000101100001000100100001100000010000011000
0110000001110010110101100000011101101101011000000101000010010100
1000000001000100010010100000001001000100100000000000000000001010
1010000100101100001111100001001011010001111000010000110100011100
0100100001000000000000000000000000000000000010000001000000010001
0110001101100100010000100011011001000100001000000110011000000010
0000111100000000000000001101000000000000001011100010000000000000
1110000001101110101011100000011011101010111000000110111010111111
0000000010010001000100011010000100010001000010001001000100010001
1000011000000000010010000110000010000110100001100000100000001000
0000000010100000100000000000001010001000000100001010000110000000
0000001000101000010000100011001010100100100000000101100001001010
0000011100101001001000001011001010010000000001010000100100000000
1010001000011000100010100010000110001000101000100001100000001010
0100000100000000100001001001100010001000011000011000100000000110
0000000101000000000000000001010000000000000000000000000000100000
1000000000000000000000100000000000000000000000000000000000001000
1000000000000001001010100000001000010010000000000000000100111010
0001000000000000010001010000000000100000010110000000000000000001
0000000000100011100000000000000010010111000000000000000000010000
1000010011000000000000000100111001000000100001001010000001001000
0000000011000000000000000010110000000000000100101000000000000000
1000010000100100000110000100000000000000101001000000000101011010
1010010000010001001110100100000000000001100101000101000100001000
0000000000000011010110000000000000000010001000000010000010000000
0001000000001000001000010000000000000000000000000000001000100100
0010000000000001000011100000000100000000100000000000000101100010
0101100010011010000101011001100100001000010110001001100110000101
0000000000000101100000100000001000010001001000010010000000000000
0111100010101011101101011000101010111011011110001010110110110101
0100010000010100000000000000000001000000000000000001000000000000
0101000011010001000000001100100000000010000110000001000000000010
0000000010001000001001000000001000010000000000001000100000100100
0000001010000000000001001000100000000000010100001000000010000100
0000000000010000000000000000000000101000000000000000000001001000
0000101000000100010000000010000000000001000010101000001000000000
1010010000000001010000000000001000000000001000000000010000000000
0000101100000000100000001010000011001000000000000101101000000000
0100001000100000000000000000001010001000000000000010000000000100
0101100000011010001001001000000110010011010010000001100000100101
0010100000000000000010000000000100000010110000010101000000000010
0000010000010101000100001000000001111001000010000000011000010001
0000000000000100000000000000000001000011000001000000010001000000
0000001000000000000000111010100000000000000100100000000000010000
0110000110000000101001100001100000000000011001011000000000000110
0000010000100101001110000100001001010011000001001011010100110000
0000001000001000001000000001000000001000000000000000010001000000
0000001100010000000010000011000000000000100000110000000000000000
0010000000000000000000100100000100000100001000000000000000000000
1010010000000000001100010000000000000001100001000000000100101010
0000001010100000000000000010101000000000000000101010010001000000
0001000001010111010110010000000101100001000100000101010101011001
1000010101000100000000000101100000001000000001011100000010001000
0100000000010001101100011000101100110010010101000000000100000000
0000010000000101000010010100001000000000000000000000000000001001
1001100000100000000010011000001000001100000100000000011000001000
0000000000001000110000000001001010000100000000000100100011100000
1001000000000100111100010000000100000110100000010000011101000000
0100100011000010100001001000100010101000010010001100001000000100
0000010000000000000100000000010000000000000001000100000000000000
0111010010000000000000110000100000000000001001000000000001000010
0001011001010000000000010010010000000001000110000100000000000000
0000000000010000000010000000000000100000000000000000000001000000
0100101011000000000000010010100000000000010010101000001000000001
0000001110000000000010000110000000000100000000011000010001000010
1001000001000000000000010000111100000000000100001100000000000001
0010001000100100100000100000000000001000000000000000010000000000
0000000000000101000000000000000011011000000000110000100110010000
0000000000000000000000000000000100000010000000000000100111000110
0100100000010001000001100000100000001001000000001010100000110011
0000011001010110000000000110010101000000000001100100011000000000
0000010100000000000000000100000000010010000001000000000000011000
0000000100010000000000100000000010000000000000010001100010000010
0001100000000010000000011000010100000000000110000001000000010001
1000000000100001011010000000000000000000000000100000100000100000
0000001001010010000010011010010010000000000010010101000000000001
0000000000000001001000000000000001000010000000000010000000010010
1001000100000001010010000001000000000000000000100000101000100001
0010010000000000000000100100010000000000001001000000000001001100
0001101000001000001110011000010000000010010110100000100000000001
0000001000000000000010000100010000000000100000000000000000000100
0100000000010000000000000000000100100000000000001000000000000000
1000100000000000000010000010010000100000000110000100000000000000
0000101010000001101100000010100001010100010100101000000100010000
0000001000000000000000000000010000000100010000000010000001000001
0000001000000100010000000000000001011001000000000000000001000000
1010000001010000000000010000000000000000000000010000000000000000
0000010010000001000000000000000000000000000000000000000000000000
0000100111000000000000100001100000000000001000011000000000000000
0000000000100011000000100100000000001000000000000000000000010000
0000001000000000000000000000000000000000000000001000000010000000
0000110000010000101010000100001000000000100011000000000101011010
0000100111000000000000100000000000000000000000000000000000000000
0000000000000001000000000000010010000000000001001010000100010000
0000000000000000000000000000001000000000010000000100000000000000
1000010100001000000010000001000000000000000100000000000000001000
0000000000010100000000001000000000100000000000011000001000001010
0000100000000000000000001000000000000000000000000001000000000000
0000101000000100000000000000000010000001000000100000000001100001
0000000000000000000000000000100000000000000000001000000001000000
0000000110000000010000010001000000000000000000000001000000000010
0000100000100000000000000000000000000000010010100000000000000001
1010010100000000100000000100000000000000000101000000000000001000
0100000010000100100000000000000000010000000000010000000010010000
0100100000100000000001001000000000000000000000000000000000000000
0101001010110000000001011010100000011101010100100001001110110101
1000010101000100010010111001010000000000000000000100000000001000
0010100000000001010000000000000011111001000000000000100011100000
0001000001000000100010001100000100000000000110010000000000000000
0000001010000010100000000000100001010110010000001000000101100100
0000000000100000000000000001000000000100000010110101000000001000
0000000001000000100000000010000001010100000001000001010000000000
0000000000010000000000000000000000000000000001000000110000001010
0100000000100100000000000000000010100101000000100000000000010000
1101000000000000000010100000000000010000001000000000000100000011
0000000100001000010100010000000100000000000000000000100000000000
0000100000000100000000101000000000000000000000000000000110000100
0010100000010000000000000100000000100000000001001000000000000010
0000100000000000000000000000001001000000010000000000000000000000
1001001000000000000011010010001000000001000001000000000000001100
0001000000000000000000000000000000100000010010011000000000000000
0100001000010001000001000010000000000000000100100001000001000100
0000000000000000000000001000010000100000000000000100100010000001
0000000000000000000000000010000000000100100000000000000100000001
0000000000001000000000001001000000000000001000000000000000101000
0000000000000000000000000000000000000000000000100000000100000000
0000000000000000000001000000000000000000100000000000000010101000
0101000100001000000001000000000110010000000000000000000000000100
0100000101000010000000000100001000000000000011000100000000000000
0000000100001011001100000000001010111111000000010010100101110000
0100100000111100000000000000000000000000000001000000000000000000
0000001010000010100000010011100000000001000100000100000000010000
0000100000000001000000001000000010000000000010000000010000100100
0000000000010000000010100001000001000000000000000000000010000000
0001000000000100000010000000000010000000000000000000000000000000
0000010100000001001000001001011000000000000001010100010000001000
0100001010000000000001000010100000000000010000101000000000000001
0000010000010000000000000100000001100000000000000000000000000000
0100000000000000000000000010000110000000000010000000000000000000
1000000000000001000000010110000000100001100000000010000000000110
0000100000000000000010001000101000000000000000100000010000000100
0000000000000000000000000001001000000000100001010000000000000000
0000000000000110000000000000100010000000000000000000000010001010
0000000110000100000001001000000000010001000000000000001100010000
0000000000000000000000000010000000000000001000000000000001100000
0000000100000000010000000000000000001000000001100000001000000000
0100000000000001000000000000000000000000000000000010000000000000
0011000000000110000000000100010000100000000000000100000000000100
0000000000000000100000000000000000000000011000000000000000010000
0010101000000000001001100010000000000001010001000000100000000000
0000000000000000000000001010000000000000100000100000000101000001
0000000000000000000010000001000000010000100001000000000000000100
0000000000000000000100010000000000000000000000000000000000100000
0000000000000001001000010011100000000001000001010000000000001000
0001000000000000000010000000000000001000001000000100000000000000
0000100010000001000000000000000100000000000000001000000000000010
0100000000001000000010000000000000000001000000000000000000000000
0000000010000010010000100000000010000000000100000000000000000001
0100000000000000000010000000000010000010000000010000000000000001
0000000000001000100000000000000000000000000001000000000000000000
0011000000000000000000000000000011000000000000000100010000100000
0000000000000000000111000000000000000000000000000000010000000100
0000000010000000000000000000001000000000000000000100000000000000
1000000100001000000010000100000000000010000010000001000010000000
0100000000000000000000000000000000000000000000000000100000000000
0000000010001100000000000100100000000000100000010001000000000001
0000000000100000000001000000000001000000000000000001100000000000
0000000000000000000000001010000000000010000000000000100000000000
0100000000001000000000000000000000000000000000000000010000001000
0000011111000100000000000000000001100000101000100000000000000001
0000001000000000000000001011000100000000001000010010000000000001
0000000000100000000000000000000000000000001010000000101000100100
0000000000000000000000010001100000000000000000000000000000000000
0100010000000000000000000001101000000010000001100000100000000000
0000010100000000001010011000000000100001000001000010000000100000
0000000000000000001000100000000000000001001100000000100100000010
0000000000001000100000000001000100110001000000000000000001000000
0000000000110000100000000000110001000000000000000001001000000000
0000000000000000010010000000010010000000000000010000000000100010
0000001000000000000000000000000000010000000001000000000001000001
0000000000101000000000000001000000000001000000000000000010000000
0000000100000001000010000000100000000010000000010000000000001000
0000000000000000000001000000000000000000000000000000000000000000
0000000000000100000000000000000100000000000000000110000010000000
0000000000000000000010000000000000000000101000000000100000000000
0000010001000011000000000001000000000000010000001001000000000001
0000010000000000000000000000000000000000000010000000000000000000
0100010000001000001000000000000100000000000000000000000000000001
0000000000000000000100101001000000000100000000011000000000000000
0000000010000000001000000100100010000010000000000000000000010011
0010000000100000000000000000010100000000010000000000000000000000
0010000000000011000001100000000100000001000011000000000010000000
0000000000001010000000000000000000000000000011000000000000000000
0001100000010001000000000000000000000000000001000000110000000000
0000000000000000000000000000000000000000000000000000100000000101
0000001000000000000010101000000000000000101001000001000000001010
0001000000000000000100001000000000000000000000000000000000000000
0000000001000001000000000000000000000000000000001000000000010000
0000000000010000110000010000001110100000010000000000000000000000
0000000100000010000000000010000000000000100000001000000000000000
0000000111010001000000000100111000000100000000000000000000100000
0000010000001000000000100000100000000000001100000000000000000000
0110000000000000100100110000000000001110000000000000000000000000
0000000000001010000100000100010001010010000000111000010000100000
0010000000000000000011000000000000000011000010000110000000100000
0000000010000100000000100010100000100000000001100000000000000010
