0000000000000001000001000000000000000000100000100000000000000000
0001001000000110010000000000100000000000010100001100100000000001
0010100010100000000000110000000000000000100001000000010100100010
0001001000000000000000001000010001000000001101100000000100010101
0000000000001000000000000010000000001000010000000000110001010000
0001001000000010000000000000010000011000000110000000000000010000
0000010000000010000001010000000001000010100000001010000000000000
0000000100100000000000000001001000000011000000000100000000100100
0000000100000000001010001000000000000100000000101000000011000100
0000000000000000000000000100000000000000000000000111000000000001
1001000000010000100000001001000000000100001000000100101011010010
0000000001000000000000000000001010000000001010101110100000010000
0000000000010000000000010001000000000001000001000000011000000010
0011001000000000000000010000000000000100000000000000000000001000
0000000100000000000000000000000000000000010000000000000000001000
0000010000000100010100000000010000000000010000100010000011000001
1000000010010000011000100010000000000010000000000000000000100000
0000000000000000000000000001101000000000000000000000000010100000
0000010100000000100010100000000000000000100000000000000000110000
0000000100000000000100000000000100000000000101000000000001100000
0000000100000001010000000000100000100000000000000010000000100000
0000000000110000000000100000001000000000100000000000000000000000
0000000100000001000000100000000000000010100000000000000000101000
0000000000000000000000000001010100100000000000000000000001000000
0000000010100000000000000000000000000000000000000000000000000000
0000000100000100000101000000000100000100000000000000010000000000
0100000000000000000000000010000100000000000000000000001000100000
0100001000000001000000000000001000000100000110000001000000000001
0010100000000000000000010000000000000000000000000000000010000000
0000001000000000000000000000000010001000000001000000110000010000
0000000000000010000010000000000000000000000000000000000000000001
0000001001000000000001001000000000000101000011000000000000000000
0001001000010000000000000001000000001000000000000000000000000010
0010100000000000000000000000000010010010000000000000001000000000
0000000000000000010001000000101000000000000001000100010000010001
0000000000000000001000000000000000001000000000000000100000000000
0010000000010000000000000001000000000010000000000100000000000000
0100010000000001100000010000000000000000000000100000010000000000
0000000010100000000000000000000000001000000001000000000000000000
0000000000000000000000101000000000000000000000000100000000000100
0000000100000000000000000000000010000000000010000000000100000000
0000010000000000001100000000100000000000000100000010000001000000
0010000100000000000000000000000100000000000000000000000000000010
0000000000000010000000000010000000001001000000000000000000100000
0000000010000000000000000000000000000000000000001000000000100000
0000000000100000000001000100000000010000000000000000000000001000
0100010001000001000000000100100001000100000000000001100000010000
0000000000000000000000000001000011000010000000000000000000000000
0000100001000001000000100000000000000000000000000000000000000000
0000000000000010000000000100000001100000000000000000000000000000
0000000010000001000000000000000000000010100000000000000100100000
0000000100000000011000001100101000101000110010110001100001000001
0000000000000000000000000000000100010000000100000001000000000000
0000000100001110000100001000000000000000000000000000010000000000
0010000000100000000000100000000000000001000000000000000000101010
0000000000001010001001000100000001000000000110001001000000000100
0100001100000000000000000000110001001000000010010001000000010100
0000000001000111001000000000000000010000000000000011000001000000
0100001000000000001110000001001000000100001101000000000101000001
0011000000010000000000000000010011000010001000000100000000100010
0000001000000000001001001100000000000000000101000001110101000000
0000010000000010000000001010110000000000100000000100010010010100
0011001000000000000000000000000010001000000000001000111000000001
0100000000001000000000011000000000001000000110000000000000100101
0000001000001000000000000000000000000000100000000000010010100010
0000000000010000001000000100001010000000001000000000000000000000
0000000010100000000100000100000000000000000000010000011110000000
0100010001000100010001001000011000000000000010000000000000000000
1010000000000010000000100000000000000010000000000000000000000000
1000000000010000000010000000000000110001100000000000010100001010
0000001010100000100000100100000000000000010001000001101000000010
0000000000000000000000100000000100110000110000000000010000000000
0000000000000000001000001000000100000001110100000000000000000000
0010100010010000000000000000000000000000000000000000000000000000
0000000000100000000000110010000000001011000000000000000010000000
0000000001000000000010000000000000000000010000000000000000000000
0000100000000000010010000010000100001000000000000000010000101000
0000000100000001000100000100000001010000000100110001000001000000
0000000010100000000000010000000010000100000000000000000000000000
0100000001000011010000000011000000001100000000000001000000000000
1000100000000000100000000000000010100000000000000000000000000000
0000000000001000010001000000000000001000001000100000000001000000
0000000001001100000000000000010000000100010100100001101100000000
0000000000000100010000101000000000001001000000000000000000000000
0000000000000100001000000000000000000000001001001000010000000000
0001001001010000000010000001000000000010100001000000011000000100
0100010001001110000111000000000000000000000100000000000000001000
0000010100001000001001001000000010000000010100000101000000000000
0000001000000000000000000000000000011000000000000000000100000010
0000001100001000101001010000000100100000000100000000000000100101
0011000010100000000000000000000000000000000001000000001000000000
0000000000100000000001000000000000000100000000100010000100000000
0010000110000000100000000000000000010000000000000000000000000000
0000001000000010000100000000010000000110001110000001000000010000
0000000000000000000000000000000000000100000001000000000000001000
0000101010000001000000000000000000010000000000000100011000000011
0000000000001000000000000110000001011000010010000000000000001000
0000000100000101100000000110010001101000010010011011000000000000
0100100000000000000000000000000000000000000100000000000001010000
0000100000100000000000100001000000000000100000000000000000000000
0000000000000100000000000000000000000000000000000100000000000000
0000000100000100000000000010100100000000110100000000000001000001
0000001100000000000000100000100000010000000000000000000000000000
0100000001000000000000000100000000010000001000001010000011100000
0000000000000000000000011000000000000000000000000001000010000000
0000000000000100000000000000000000001100000010000000000000000000
0000000010111001000000010001000000000000000000000000000000000000
0100100001010000000000000000000000100000000001000000000011001110
0100000000000100010001000100001000000000000000000000000000000000
0000000000100000000000100001000011010010000000000100000000100000
0001001000110010000000001000000000000000000001000000011000001000
0010000010000000000000110000101000000010000000000000000000000000
0000100000000000000001000000001000000100000100100000100000000000
0100000000000000000000000000000000001000000000000000000010010000
0000000000000000000000000010000000000000000000001100000000000000
0000000100100101010000000100000000000001000000000000000000000001
1000000000000000000000000000000100000000000000000000000000000000
0000000000000100000000001000100000000000100000000100000000000000
0010000000000000000000010000000001000000010000000000000000001000
0100000000000000000000000010101000000000000010001000000000010101
0010000100000000000000000000000000010000000000000000100000000000
1001001010000000000000000000010000010001000000000000010000000000
0000010100001100000000000001000000001000000000000000010000100000
0000000000100000000000000000000000000100000000000000000100000000
0011001000000100000000000000000000000000000001000110011000000000
0100000000000000100000000000000000000000100100000000000000000000
0000010000000000000000000000000100000000010001010000000000010000
0000000000000000010000000000000100010000000000000010000011100100
0000000000000100000000000010000000010000100000010010000000000000
0000100010001100000000000000000000000000001001000000100000010000
0000000000000000010000000110000100000000001000000000000000000001
0001001000010000000000000000000010000101000000000000000000000000
0000000000000000000000011000000001000000000100000000000010100000
0101000000010000000000000000000000000000000000000100010000010000
0000000000000000100001001000001000000000000001001100000100000000
0000000000000010000000000000000000000000000000000000000000100000
1000000000010000000001000000000010010000010000000010010000001000
0000000000000000000000000100001010100000000000000000100010000000
0010100000010000000001000000000000000000001000000000000000000000
0000001000000000000000010000100000000000000000000000000111001100
0000000000101000010001100000001000000000010000000000000000000010
0000000010100000000001000000000000100000010000000000100010010000
1000000001000000000000000000000000000000000000100000000000000000
0000000001000000000100000000010010101000000001000001000000000000
0000010000000000000000000100101000000000010001001000010001000000
0000000000001000000100000000000010000000000000010000000000000000
1010000000000001100000000000000000000000000000000000000000000000
0000100001000000011000000000000100000000001000000000000000000100
0010000000100000001100000000000010000000010000000000000000000000
0001000000000000000000000010000000000001000000010000000000000000
0000000001000000001000100000000000000110000000010010100000000100
0000000100000001000000000101000000000000000000100000000000000000
0000010100000001000000010000100000000100001010010000000000000000
1100000000000001000000100000010000000010000000001000000000000000
0000000000000101000000000010100000000000001000010000000000000000
0000010000000000000000000000000011000000100000000100000010000000
0000000100000000000000000000000011000000100000000000001010001000
0000100000000000000000100000000000000000001000001010000101001000
0000000010000000000000000000001000001000010000000000000000100000
0000000000000000000000001000000000000000000000000001001010000000
0000100000100000010000110000000000011000010000000000010000000010
0000000000000000000000000000010000000001000100000000000000110000
0000000000000000000000100000000000000000000000000110001000000001
0000001000100000100010000010000001100000000000000010000100000000
0101001010011000100001000000001011000001001000000000000100001001
0000000000000000010000011000000000100000000000001000000000100010
0001000000010000000000000000000000000000101000000000000000000001
0000000000000010010000001000000000000000000001000000000100000010
0010000001100000000000100000000000000010000000000000000000000000
0000001000000000000000000000000001000000000000000000010000000000
1001000000000010000000000010000001010000000010010000000010000000
0001000000001000000000000000000000000000000000100000000101000000
0000000000000000000010000001000000000000000000000000000001001000
1000000000000001101100000100000000000001000000000000100000000000
0000000000110000000100110000001000000000000000100000000000000000
0000000000000000110000000000100000000000000000000100000000000000
0000100000000100000000000010000100000100000010010000100000000010
0000000000000001000000000000100000000000000000000000001100000000
0000000001000001000000100000000000000001000000000000000000010000
0000000000000110010110000000000000010000000000000000100000000000
0000000000000100000010100000100000000000000011000000000000000000
0000000000000000000000000000000000010100001000000000000000011000
0000100010000000000000011000000000000100000000001000000000010100
0000000000100000001000000000000000000000000010000000000110000000
0001000000010000000000000000000010000001000000100000000000001010
0001000000000000000000000000000010000000000000000000100000000000
0000000000000001101001000000000000001000000000100000000010000010
0100000000000000000000000000000000100010000100000000000000010000
0000010000000001000100001000000000000000000000000000000010010001
1000000000000000010010000000000000000000000000000000011000001000
0000000000000010000000000000000010000000000000000100000000010000
0000000000000000100000001000000000000000000100000000000000000100
0010001000000000000000010000000000000000000000000000010010000000
0000010000001100000001000100000001000000000000000000000000100000
0000000000000001010101100000000000000000000000000000000000000000
0100000001000000000000000000000000000001100101000000011000011010
0001000000000000000011000100100000100010000000100000000000001001
1000000000000010000000000000110000000001000000000010000000010000
1000000000000000000010000000110000000000000000000001000000000000
0011000000000000000000000000101000000100000000000000000001000000
0010100000000000000000010000000000000000000000010000000110000100
0000000000001001000000000000100000000000000000000000000000000000
0001000000100000000000000000000000100000010000000000010000000000
0000000000101010010000000010000000000000100000000000000010000000
0000000000000000000000000000000010000000000000100010001000000000
0000000000000100000000000001000100000000100000000000000001000000
0010010000000000000000001000000000000000000001000000000000000000
0011000100111000101001000100000000010000000000100000000101000001
0000000000000000000000100000000000000000000000000001000000000000
0000000000000000000000100000000000010000000000000000000000001000
0000010100000010100000001000000000000000000000001001000000010000
0001000000000000010001000000000000000000000000000000011110000101
0000001000100000000000010000000000010000000000000000000010010000
0000000000000000000000000000001000000000000000000010000000000000
0000000000000000101000000000000000000010000000000000000000100000
0000000001000000000000000000011100000000000000000000100000000000
0000000100101000000000000011000000100010000100000000000000000101
0101100000010000000000000001000000000000000000001100000000000000
0000010000010000001000001010000000000100011010000001001011100000
0000000010011010000000010000000010010000011000000100000000000010
0000000000001000000000100000010000000000100000000000001000001000
0100000000000000000000000001000011000100000000000000000000000010
0001000010010000000000000000010010000000000100000100001100001000
0000000000000001000010000001000000000000000000000000100001001000
0001010000000000000000000000010100000000000001001001100000000000
0000001000000000000000101000000000001100010100001010000000000000
0001000010000000100000000000000000000000000000001000001000000000
0001100000000100000000000000001000000000010010000000000000000000
0100000001000000000000000000000000000000000001000000000110000000
0100000001000000000010000000000000000000000000100000000000001000
0000000000001110000000000000000000000100000000000010100000000000
0011100000000100010000000010000000001010000010000000001000000000
0010000000000010001110100000001000000000000000000010001100000000
0000001000001000000000000000000000001001000000000000010000000001
0000000000000001100011000000001001001000000010000100000010100000
0000100000000010100000001000010001100000000000001010000000000000
0000000001000000000010000000001000100000000000000000110011000000
0100000000000000001000000000000001000000000000000001000000000000
0000000000000000000000000000000000000000000000000000000000000000
0000000000000000000000000000000000000000000000000000000000000000
0000000000000000000000000000000000000000000000000000000000000000
0000000000000000000000000000000000000000000000000000000000000000
0000000000000000000000000000000000000000000000000000000000000000
0000000000000000000000000000000000000000000000000000000000000000
0000000000000000000000000000000000000000000000000000000000000000
0000000000000000000000000000000000000000000000000000000000000000
0000000000000000000000000000000000000000000000000000000000000000
0000000000000000000000000000000000000000000000000000000000000000
0000000000000000000000000000000000000000000000000000000000000000
0000000000000000000000000000000000000000000000000000000000000000
0000000000000000000000000000000000000000000000000000000000000000
0000000000000000000000000000000000000000000000000000000000000000
0000000000000000000000000000000000000000000000000000000000000000
0000000000000000000000000000000000000000000000000000000000000000
0000000000000000000000000000000000000000000000000000000000000000
0000000000000000000000000000000000000000000000000000000000000000
