0010000000000000000010000000000000000010000100010000000001001000
0000100000100000000001000000000000000000010000000000000010000000
0000000000101010001100000000100000000001000000110000000000000000
0001001000000000000010000000000000001000000000000010000010100010
0000000000000000000000000100100000000000000000110001000000000001
0000011000000000000110010000000000000100000010000000000000000010
0000000000000000010000000000100000000001000000001000000001110000
0000000000000000001000000001000000100100000011100100000000000000
0000000000010000000000010000000000000000000000000000000000010000
0000000000010000000000001110000000000000000000000000110000010000
0000101000100000000000000000000000000000001000000000000000000000
0001000000000000000000010001000000000000000000010000000000000000
0000000000010000000000000000000000000000100000000000000100000010
0000010000000000000000000000001000001000001000000000001010010000
0011001000000000000000000000000000000000000000010101000000010000
0000000100000000000010000000000000000010000000001100000000000000
0001001000000000000001000000000000010000000000000010000000010000
0000000000000100001000000000000010000000000010000000100000000000
0001000101000000000100000000000100100000010000010000000100000000
0000001000000000000000010010001000000000010000000001101010000000
0001011000000001000100010010000000000100010000000010000000000100
0000000000000000001000000000000000100101000001000000000000010000
0001000000000000000000000000000000100001000011000001010000000010
0000000000000000011000011000100001000010000000000000100000000100
0000001000001000000000000011100000000110101001000000100000000000
0000000000010000100000000000000000100100000000000100000000001000
0000000001000000000000000100000000000000010000000010100000000000
0000000000000000000000000000000100000000000100010000001000010000
1000110000000000100000100000000100110000100001000100010000000000
0000000000000000101000000000001000000000000000000000000000000001
0000000000000010000011000000000100000000000000000000000000000000
0000000000000000000000000000000001000000101000100000010010000000
0000000000000010000100000000100000000000000000000100010000101010
0000100000000110000100000001000000000001000000010001000000011010
0010000000000000000001000000000000001000001000000000100000000000
0000000000001000000000000010000101001000000000000000000001000001
1000000000100000000000000000100000000000000010100000000000000010
0000000000000011000000011000000100000000000000000010001000000001
0000000100000001000001011010000100000000000000000000000000100001
0000000001000000000000000000000000000000000000001000011100000000
0000001000001001000000000001000000000000000000000000000000000010
0101000001010001000010000010000100000000010000000000001010000000
0000000101000000000110000110000000010000000001000010000000001000
0000100010000000000100000100000000000010000000000000000000100000
0000000000010011000100001000000100100000001000000000100001000000
0000000010000000000000000010000000000000011000000000000000001000
0000010000000100000001000000001000001000000000000010000000000000
0000000000000000000000000000000000010110000001000100000000000000
1010000000000000001000000000000000000000000000100000000000000000
0000000010000000000000000000000000000000000100010000000000000000
0000000000001000100010000000000000100000000000000000000000000000
0000000000000000000000000100000000010000000001000000010000001000
0000000000000000100000000000000000000010000001000000000000100000
0100000000000100000010001000000000000000000000010000000100000100
0000000000100010000100000000010000000000000000100000010000000010
0000000000000000000010000010000000010001000000000100010000000000
0000000000000000000000000000000000000000001000000000000000000000
0000000000000000010010100000000000000111000000010001010000101000
0010001000000000000001000001010010010000001000000000000000000000
1000000010001010101000000000000000100000000000101000000010000000
0000000000000001000000000010000100000000010000000000000100000000
0100000000000001000000000000000000000000000010001000000000010000
0000000000000000001000100000000000000000000011000000000000000000
0000000000010000000011000000000000000000000000000000000011000000
0000010010000000000010000000000100000000000000000000000000000000
0000000000000000000000000010000100000000001000000001000000000000
0000001000000000110000000000000010000001000011000000000000000000
0000000000000001001000000000000000001000000000000000001010000100
0100100010000100000001010000000000000000000000000000001100001100
0000011000000000010000000000000000000000000000101010000000000001
1000000100000000000000000000000000000000000000000000000110000000
0000000110000001100001000000010101000000000000000000001100000000
0100000011000000000010000000000000000000000000000000000000000000
0000000000001000000000001000000000000000010000100000010000000000
0100000000001000001000010010010010000000100010100000100001000000
1100000100000001000011011001000000100001000000000000000000010000
0000001000000000001000000000000000000000000001000001100000000100
0000000000000010000101100000100010000000000000001001000001000010
1000000010000000000000000000110000000000000000001001010101000000
1001100000000000000000000000000000000100000000000000000000011100
0000010000000000000100100000001010100000100010100000000000000000
1000000000000000000001011100000000000010100000000000000000000010
0000000000001000000000100000000001000000000000000000000000010100
1000000000000000000000000010010000000001000001001001000000100000
0000000000010000001010100010001100010000000000000010000001000000
0000000000000000100000000000000000000000000000001000011000000000
0001000001000000000011001000000000000000000000000000000000000000
0000000000000000000000010010000001000000000000000000001010000000
0000101000000000000100000001010010000001000000000000000000000010
0000000000000000100100001000001000000000000000000000000100000100
0100000100000001000000100000000001100000010000000000001001000000
0001000000010000001000001110000000001001000001001000000000000101
0000000001000000000000000010110001000000000100000000000000000000
0000010000000010000000000000000000000000001000001000000100000000
0000000100000110000000000000000001001000000000000010100000001100
0010000000010000100000000000010011110000010001000010000000100000
0000000000000100000001000000000000000100000000000000000000000000
0000000110000100000100000000000000000001010100000000000001000000
0000000010000000000000001011001001000000000000010000001000000000
0000001100000000010000000000000000000000000001000000000000001010
0001001010000000000000000000000010000100000000100000000000000000
0000000100000000000000000000000000000000001100010000001001000100
0000000001110000100000000000010000000011000100000001010000000000
0000000000000000010000000000100010010000000010000000000000000000
1000000000010000100000100001100000100000000000000000011100100000
0000000000000001000000000001001000001000000001000000000000000000
0000100000000100001000000000000000000000001000000000100000000000
0000000000001000100000000000000000010000101001000000000010000010
0000000100000000000000000000000000000000000000000000000000000001
0000100000000000000000000000000000000000100000000000001010100011
0000100000100000010000000001100000000000000001000001000101100000
0100000000100000110100000001000000000001000000000000000000100000
0000000100000110100000000000000101000000000010000000001100000100
0100010010000001000010000100000000000000000000000000000000000000
0000000000000000110100000001000001000000000000001000000000100000
0000000000000000000000000000000001000000001000000000000000000000
1000000000000000000000010000000000001000000100010000000000000001
0000011000000000010001010000000000000001000000000000000000000010
1000100000001000000000001000000000000001010000001000000100001000
0000000000100000001000000101100000000000100000000100000000000010
0000010100000001000000000000010100001000000000010000000100000000
0000000010000000010000000000000100000000010000000010000100000000
0000000000000010000000000000000000100000000001100000000000000010
0000000001001000000000010000000000000001000000000000000000000000
0000000011000000000000001000000010000000010000000000000001100000
0000000010000000000010001000000100010000000000001000000000000000
0000010000000000000000000000010000001100000000000000000000000000
0000000000000001000000000000000100001000000000000001000000000000
0000000000100000100000110000000000000000000000000000000001001000
0000100010010000010000000000000000000000010010000011000000000001
0000000000000000010100000000001000010000000000000000000100000011
1000000000100000000000000000000100110000000100100000000000000010
0000000000010000001000000000000000000000100000011000001000001000
0000000000000000000000000000000100000001001000000000000000010000
0000001000000000010000000000000100000000000010000010010000000010
0000000000000000010000000100100100000000000000000001000001000000
0000000000010100000000000000100000000000010000000000000001000100
0000000000010000000010000000000000000011000000000000000000000000
0010001000100001100000000000000000000000000000000100000000100000
0100011000000100000000000001000001000000000100000000000000000000
0000101000000100000100000001000001100000000000010000000001010000
0000000000000000100100000000100101000000000000010000010100000000
0000000010000000000000000100000000000000001000100000000000100000
0000100000000000101000000000000000000000010000000010000000001000
0000000000000010000000001000100000000000010000000000000000000001
1000000000000000000100000010000000101000000110000000010001000100
0000000100000000110001000000000000000100000000000100000001000000
0000000000000000011000010000000000100000100000000000000000101000
0001010000000000000001010000100110000000000000000000000000000000
0100001000100000000000000000000000000000010000000000000000000010
0000100000010000001000000001001000000000000000000000000000000001
1000000000000101000001010000000000000000000000110000000000000000
0000010000000100010001000000001000000000000000001000000000000000
0000001000010000000000010000000000000001000100000000000000000000
0000010001000000000000100000000000100000100001000100000000100000
0000000000100000100000100000000000000000000010000000000010011000
0110000000000000000000100000000000000000010000000100010000000000
0000000100100000100001011001000000000000000000000001000000000000
0000100000000000010000000000000000100010010000000010000000000000
0000110000000000010000011100000000010000000000000000000000000010
0000000010000000000000000000000000010101000000000000000001000000
1000000000000001000000000100001000000110000000000000000100000001
0010100000000000000000000000010000000000000000000000000000001000
1000000000010000000001000000000000100000010000100100010000010000
0000000000001000001000000001100000000000010001000000000000000000
0000000000000000010000010000000001100000101000000000000000000000
0000000000001100000000000000101000000000000000000000000000000000
0100000000000100000000000000000000000000001000001000000000100000
0000000010010000000000000000000001000000000000000000101000000100
0000000000000010001000100001000000000000000000000000000001000000
0000000000000000000000000000000010000000000000000000000000000001
0010000000000010000000100000000010000000000000000000010000001000
0100000000000000000000010100000000000100001000000000000000000000
0000000000010000010000100100000000000000000000000000000000000000
0000000001000000010000000000000000010000000010000000000001100000
0100000000000000000000000000100000000000100000000000000000000001
0000000100000001001000001000000000000000000000000000011000010000
0000100010000100000000000001000000001000000100000000000000000000
0000001000000000000000000100000000000000000110000000000000001000
0000000010001000100000000000000000000010000000000000000010000001
0000000000000000000001000000000000000000000001000000000100000000
0000000000000000000001000000000000001001000000000000000000000001
0000000001001100000001000000000000000000000000001010000000001000
0000000000000000000000000100000000010000001000000000000100100000
0000010000000000000000000000000001000000000000000000000000000000
0000000000001100100100000000000000000100001000000001000000000001
0000100000000000001010100000000000000100000000000000000000000100
0001000000000000000000010000000000000100001000000000000000000000
0000000000000000000000000001000000000000000000000000100000000000
0111000100000000000000000000000010000100000000000000000001000010
0000000100000000000000000100000100000000001000000001000000000000
1000010000100000000001010001000000000000000000010011010000100000
0000000000000000001000000000000000010000000000000001000000000000
0000000000000000000000000000000000000000000001000001110000000000
0000000000100000000000000000000000000000000001000000110000101000
0000000000000000100000000000000000000000001000000100000000000001
0000000000000100011110000000000000000000000000010000000000000000
0001010100000010000000100000000001000000000000000000000000000000
0011000000000000000000000000000000000000000000000000100000000000
0000000000000000000000001000001000000000000000000000000000000100
0000000100000000000001000000000000010000000000000010000000100000
0000000000000000000000000010100010000010000000000001000000000000
0000010100100000100000000000000000010000000000000000000010000000
0000000000000001000000000000101001000000011000011101000000001100
0000000000000000001000001000000000000010000000001000001000000000
0000000000100001000000000001000010001000000000000000000000000000
0000000000000100010000001000000000000100000100010001000000000010
0000000000010000000010100001000100001000100000000000000000010000
0000000101000100000101000100100000000000000100110000000000110000
0000100000101000000000000000000000000001100000000010000000000010
0100000100000001100000000000000000010100000000000000000000000000
0000000000000000010000000001000000000000000010011000000010000000
1000001000000000110000000001000000000000000100000000000000000000
0000000000000000100000000001000000000000100000100000000000000000
0001000000000100000000010000000000100000000000000000000000100100
0000000000000000000000000000000000100000000000000000000000000000
0000000001000000100000100000100100000000010000000010100010000000
0000000001000000000000000000000000100000000000000000000100010000
0000000000000001000000001000000000001000000000000000100000000001
1000000000000000000000100000000000000010001000000110000000110001
0000001000000000010000000000000000001000000100000000000000001100
0000100000010000100000000000110010000000000000010101000101100000
0000000110000000000000000000000000100101000000000000000000000000
0000000100000100000000000000000000000000100000000000000100000001
0000100001000000000000000000000000000010000000000000000000110010
0000000001000001100000000010000000000001001000000100000000000000
0000010001000000000001000000000000000001000000000100000010000010
0000000000000000000000000000000000000010101000010000000000010000
0100100000000000000000000001100001000000000000000000000010010000
0000000000000000000010000001101110000000000000000000100010000000
0011000000000010000001000010000010001000000000001100000000000000
0001000000000000100000000010000000000000000000000010000000000000
1000010000101000000000000000100010000001100000000000001100001000
0000000000000000000000000000000000010000000000001001000000000001
0000000100000000000000000000000100100011000000000000000000100000
0000010010001000000100000000001000000000001000000010010001000100
0010000000001000000000010100010000010000100010000000000000000000
0110000000000000100000000001000000000000100000000001001000000000
0000000000000000000000000000000000000000000000000000000000000000
0000000000000000000000000000000000000000000000000000000000000000
0000000000000000000000000000000000000000000000000000000000000000
0000000000000000000000000000000000000000000000000000000000000000
0000000000000000000000000000000000000000000000000000000000000000
0000000000000000000000000000000000000000000000000000000000000000
0000000000000000000000000000000000000000000000000000000000000000
0000000000000000000000000000000000000000000000000000000000000000
0000000000000000000000000000000000000000000000000000000000000000
0000000000000000000000000000000000000000000000000000000000000000
0000000000000000000000000000000000000000000000000000000000000000
0000000000000000000000000000000000000000000000000000000000000000
0000000000000000000000000000000000000000000000000000000000000000
0000000000000000000000000000000000000000000000000000000000000000
0000000000000000000000000000000000000000000000000000000000000000
0000000000000000000000000000000000000000000000000000000000000000
0000000000000000000000000000000000000000000000000000000000000000
0000000000000000000000000000000000000000000000000000000000000000
