0000001001000000001000101000110000000010001011001001101000010100
0001011000000001000000000000000100010000000000001010010100000000
1000000100001000000101000001010000100000010001000101001000100001
0011100001100010001001010000000001000010101000000000001000000000
0000000000000001100001010001000000000000100001000001000000001000
1111011010000101100001010011001100101110010110100010010000000101
1110000000100000101000000000001100000110000010000000100000110000
0001110001000000100000000010100000010000000010000000010110000000
0100000010000000101000010000000000000010100000000000000010000100
0000110001000000000000001000100110100000000000000000000001000000
1000000000000000000000000001001100100100010100000000100000100000
0000000000100011000000000000000000100000101000000100001000101000
0001100001000000000000000000000000110001010000010001001000100000
0000001100000101110100110100000000000000000100000110100010000011
0010001010000111010100111100001000001000000000100111000000010111
0000011010000101000000000100100100100001000100100000010010000000
0010000000000000000001010000000000001000110000011001001001010101
0000001010110111000000000000100000000000001000000110100000010001
0010000000000000000000000000000000000001000101010001101000000001
0001011010000001000000000100001100001101010100101000010110010101
1001000000000000001001000100011100000000000111000000010000100001
0001011000000001001000000010011100100101011010101000010110000000
0000000010000001000101000010000000100000100001001100000000100010
0000001000010001000001100100010000100001010000100000000010000000
0100000010000000000100110000000000001000000000100000001000010110
0000001000000001000001100101001000001100000000000000000010010100
0001000101001001010110001000000000000000001001000001000010101000
0000101010000010001000000001001010000110000010000001000010000000
0011000001010010010000000000000010010000011000000000000100100000
1010000000000000001000000010000101011100000111100000000001000000
0010001010001000001010000011010001000101000001000000100000000000
1011000000001101000001000010010100110111000000001000000100001000
0001000000000101100000000000100000011000000000100000010110001000
0101000001000000000000000000000101010010000010000000010001000001
0101101011000000100000000000100000000000000000100000000010000101
0000000000000001000100000000000010000000100000000100000000001000
0000100000000000000001010010101000000010110000000000000110000011
1001000001010000100010001000000110100010000010000010010001000000
0000000001000000001000000000000110010111011010000001100000000000
0000100010101000101000110000001000000000100001000000001000010000
0010000000000000000010000000001001000110000010000000010001000010
1100000001000000011000001010000100110110000000010010100000001000
0000000001000010011000000100000010011010001000010001000000001010
0000000000000000100000001001000000001110010000010001101000011000
0000100000000000100000000010001100001100010100000000000000000000
0000000000010000010100000000000010000000000100000001001000100000
0101100001000000100000000000100001000000000000000000010010000101
1010000001000000001000001100001000101010000000000010000001000101
1100000000100010000000000001001000000100000000010000000000000000
0000001000000000001000111000010001000000000000000000000000100000
0000100100000000100000000000010010010000000000001100000100000010
0000000001010001010000000101000100111001000000100010010001000000
0000000000000000001100010000001000001100010000000001000000000100
0001000000010011010100000100000100001101000000000000000000100000
0000000000011001000000000100100000001000001000000000000010010010
0000001000000000100000000000001000000000001000001110000101000100
0101000001000000000000000000000100001000001101000000000000000001
0000000001000000010110000100000010000011001000001000000100000000
0000001011000000000010000000000000000000000000000001000010000000
1000000101001000010000000010000100101000000010000000100010100000
0100000000011000000000001000000000000000000000010000000000010100
0000001010100001010011110000000000001010000000100000000100000000
0000010000010000000000000000000100011000000100000000000001000000
0100000001000000010000001000000000000000000000000000100000000000
0000011000000000000100000010000010000001001000100000010110000000
0000000000010100000000000110100010001001100000010000000000000000
0000000000101010010100000000010000000000001000000000000000011000
0000000010100000100000110100010001000001010100001000001000000001
0000001000000000000000000100100000000011001000000000100000000000
0000000000000000000000000000011000000000000000000100001000100110
0010000000010010001000110000000000000000000000000010000000000010
0010010000000000000000010001000000001000100000100000010000000000
0100000000000010000000000000000001001000001000010100000000000000
0010000000000111000011100000100010000000100000101000000110000000
0000000000100000001000000001000001000000000010110000000000010000
0000000001000010110000000000100000000001000000010100000100000110
0100001000000000000000001000000000001000010000010001000000010100
0010000010000000010000100101000000001000111000100011000010010101
0000000000000001000000000100000000000001000000000000010000000000
1000001010000010100000000010000000100100000000000000000000000000
1000000000000000001000010000010000000000010110010001000000100000
0000000100000000100000100000000000000000000000110001001010000101
0000001010000000000000000000000000000100000100100000000000000001
0000000000100000001000000000100001001000010010000000100000000101
1000000100000000000000000000000000000000000101000000000000000000
0000000000000100000101000100000000000010000000000000000000100000
0001100000000001000000000000000110010010010010100000000010100000
0000000000001000000100000011001000000100010100100001001000010100
0011100000000000000010000000000100110000000000000000010101000000
0000000010001011000100000000100000000010010000000000100010110000
0100100100100000000000010000000000000000000001000000001000000101
0010001000100000001000000001000000001000000000010000100000000010
0000000010000111000100100000100010000000000000001100000000000000
0000000000000000000000000101010000001100000000000000000000000010
0010001000000101110000100000100000001001000000000000000010010010
0110001110000010000000000000010000000000000000000001000000001010
0000000000001000000010000000000000010000000000000110100000100000
0100000010010000000000000000100000000000000000010010100000000101
0000010001000000100000000101000100001000000000000010000000000000
0000000100100000000010100100010010100000001000000110000100000000
1001000000000000000000000001000100010110000010000000000000000000
0000000110011110010000000000000000100010000000000000101000000010
0101011001000001010000000001000100000000000010100010000000000000
0010000001100000000100000000000001000110001001000001000000000000
0000010010000000000000100000001000100000100000000000000000010100
0000001000000000001010010000001100010001011100100000000010010001
0000001010000100000100000100100000000010000000001110000100110000
1000010000000000001000001011101101000000000010000000010001101010
0000000000000001000001010000001000100000000000000100000000000000
0000001010000000000100110001000000100000000000100010010000100110
0000100000010110010000100100000000100000000000000000000000000010
0000000100000011000100000011010000100110010000000000000000100000
0000000000000000001000001000000000000000000000010000000001001100
0000000101000000000000100000001000000000000000010001000001000110
0010000000000001100000000000010000000011000000001010000000000001
0000000100001000101001000010000000000000100000000000010000101000
0101000000000000000001000000000000000000001000000001000001101000
0000000000000000100000000000010000000000001000000000010000001001
0000000100000010000001000000010010000000000001001000000000000000
0000000010001000000000110000000000000000100001000001000100011011
1010000000000100000000000000011000000000000001010000000000010000
0000010100000100101000000000000000000000100100000010000010000000
0000000010000010000001000000000000000010000000000000000000001110
0100000001001000110000000000000000000000101000000000000001000000
1001000001000001000000000100001100000101010001000000000000000000
0000000000000000010000000000000011001100001000000001001000100010
0000100000000000000000001100000000000000000000100000010000000100
0000101000000001000001010100000000000000001000100000000000000000
0000000000000001000000000000000000000000100000100000000110000000
0011000000100000000000000000110001000001010000000000000101100000
0000000000100000000000000000000000000000100000010000100001000000
0100010000000100001000101000000000000100011000000000000000000000
0000000000000000010001001000000001000000000100000000010000000000
0101100000000000000000000000000000100100000000110000000010110000
0000001000001100000000100000000000001000001000000000000000000000
0000000100010000001000000000001000000000010011000011000000000000
0000000000000000000000000000001000010100000110010001000011000000
0000000010001100000000010000001000000000100010101000000000000000
0000000000000101010000000100000000100000010000000000000000100000
0000000010000000100000001000000010000010000000010110000000000001
0000000001000000000000001000010000000000000000000010100001000001
0001000000001000000000000000000000010000100000000000000010000000
0000011000000000000000000000100000011000000000100010000000000000
0001000000000101000000000100000000000000001000000000010010100000
0001000010000000000101000000000000000010000001011100000100000000
0000000000100000100011000000000010000000110010000000000000010001
0000000000000000000000000000000010100000001100010110000000000110
0111000001100000000000001000000000000000000011001000000000000000
0000000000010000000000000000000001000100000000000001000000000000
0000101100010010000011000001000000000010100000001000000000000000
0000000000000000000000000100000001000000000000000000010000000000
1000000000000000000100010000001000000111000000000000010000100000
0000010000001100000101010000010000000000000001000100000100000000
0010001000000001000011001010000000000001100010100000010000000001
0000000100100010100000000000000000000000001000000000000000001101
1000000000001010100001010010101001001000110000001100000000010110
0000000000000000000000000000000000000000000000000100101000000000
0000100000000000000000000000000011010000010001000000000000000000
0010010001010000000000000000000001011000000000000010000001000000
1000100000000000000000011100001000000100000100100010000000010000
0100000100100000000100000000000000000000000000000001000000000000
0000000010000110000000000100000000010000001000000000000010010001
0000000000000000000100000010010001000000000000000000000001000000
0001000000000000000000000001011000000000000110000100000100100000
0000000000000010100100000000000000100000010100000000001001010000
0000011000000000000010000000100100010010010000000010000001000000
0000000000000010010000000000000000000000000001000000001000100000
1010000001010010011000000000000010011100000101000001000000000000
0000000010000000100000000001000000001000000000000100000000000000
0000000000000001000010000000000100000000000010000000000000100001
0000000000101000000000000000110010000100001010000000000000000010
0000100000000000000000100000000001010000000010000000000000000010
0000000000000000000000000100000000000000100000100000000000000000
0010000000000100000000000000000010001010100101000010000100000000
0000001000001000000000010010000000000000100000000000000000100000
0010000000000001000100000001000000000000101001000000000000100000
0001001000100000000000000000010000000000010000000100000100000010
0000101000000000100010001000010000000010010000100000000000000010
0000000001000010000000100000001000000000100000000010000000000000
0011000010000101001100100001111000000000000000000010000000000000
0000000100000000000000001000000000000000000000001000000000100000
0001000000000000001000010000000100000000000100000000100001100010
0000000000000000100000010011001000000100000000100000000000001101
0000000100010100100000010100000000000000000100101000000010000000
0000001000001000000010000000000001000000001000000100010000000001
0000001000000010000001011100101000001000000000000100100110000010
0010000000000000001000000000000001000000000011000000000001000000
1000000000000010000000000001110000000000001000000000000000100000
0000000000000000100000100000010000000000000001010000000110010000
1000000000001010010000001010000000000000000010001100000100100000
0000001000000000000000000001000000000000010000000000010000000000
0001000000100000001000000001001000000010000100000000000001000000
0000000000000101000000000101010000000001000000000111000010000000
0110100100001000000000000100000100000110010100000000010000000000
0000000000000110011100000000000000000010100000000000010000010000
0111000000000000000000000000000000011000000000000000010001001000
0010000010000000000000010100000000000000000000100000000000010000
0000010000000000000000000000000000011001001010000000000000000010
0000000001000100000000100000000000000000000010010001010100000000
0000001010100001001100000001000000100000000000100000011100000000
0000000101010000000001000000000000000010001000100100000000000000
0000000000010000000100000000001010000000000010001100000000000000
0000000000100011000000000110000010000000100000000000000000000000
0000000000000000001000001000100000000000101000001001000010000000
0000000001000000000100001000010000000010000000000000000000000000
0000000000001011000001000000000000100000000000000000000100001100
0000001110001010000000000000100000000000110000000100100000010000
1000001010000000000001000100001000000010000000100100001000000000
0000000000000000000000000000000000000000000000000000000000000000
0000000000000000000000000000000000000000000000000000000000000000
0000000000000000000000000000000000000000000000000000000000000000
0000000000000000000000000000000000000000000000000000000000000000
0000000000000000000000000000000000000000000000000000000000000000
0000000000000000000000000000000000000000000000000000000000000000
0000000000000000000000000000000000000000000000000000000000000000
0000000000000000000000000000000000000000000000000000000000000000
0000000000000000000000000000000000000000000000000000000000000000
0000000000000000000000000000000000000000000000000000000000000000
0000000000000000000000000000000000000000000000000000000000000000
0000000000000000000000000000000000000000000000000000000000000000
0000000000000000000000000000000000000000000000000000000000000000
0000000000000000000000000000000000000000000000000000000000000000
0000000000000000000000000000000000000000000000000000000000000000
0000000000000000000000000000000000000000000000000000000000000000
0000000000000000000000000000000000000000000000000000000000000000
0000000000000000000000000000000000000000000000000000000000000000
0000000000000000000000000000000000000000000000000000000000000000
0000000000000000000000000000000000000000000000000000000000000000
0000000000000000000000000000000000000000000000000000000000000000
0000000000000000000000000000000000000000000000000000000000000000
0000000000000000000000000000000000000000000000000000000000000000
0000000000000000000000000000000000000000000000000000000000000000
0000000000000000000000000000000000000000000000000000000000000000
0000000000000000000000000000000000000000000000000000000000000000
0000000000000000000000000000000000000000000000000000000000000000
0000000000000000000000000000000000000000000000000000000000000000
0000000000000000000000000000000000000000000000000000000000000000
0000000000000000000000000000000000000000000000000000000000000000
0000000000000000000000000000000000000000000000000000000000000000
0000000000000000000000000000000000000000000000000000000000000000
0000000000000000000000000000000000000000000000000000000000000000
0000000000000000000000000000000000000000000000000000000000000000
0000000000000000000000000000000000000000000000000000000000000000
0000000000000000000000000000000000000000000000000000000000000000
0000000000000000000000000000000000000000000000000000000000000000
0000000000000000000000000000000000000000000000000000000000000000
0000000000000000000000000000000000000000000000000000000000000000
0000000000000000000000000000000000000000000000000000000000000000
0000000000000000000000000000000000000000000000000000000000000000
0000000000000000000000000000000000000000000000000000000000000000
0000000000000000000000000000000000000000000000000000000000000000
0000000000000000000000000000000000000000000000000000000000000000
0000000000000000000000000000000000000000000000000000000000000000
0000000000000000000000000000000000000000000000000000000000000000
0000000000000000000000000000000000000000000000000000000000000000
0000000000000000000000000000000000000000000000000000000000000000
