1000000110110001101010000001100100011010100000011010000100100000
1000000100000000010010000101000001000100100011010000011011100000
0000000010000110001000000001100001100010000000011000011000100000
1010010010010100100010100100100101001000100001001001000000001000
1100000000000100000001000000100001000010110000001101000000101100
1010101000001010100110101010000000101001101010100000101000011010
0000000000010001010100000000000100010100000000000001010001010000
0001011000000111011100010110000001110111000101100000011101110001
1010100001100001000010101100011010010000101011000110000100001010
1010010010010001100010100100100010011000101001001001000100001010
0000010000000010100000000100000001101000000001000000011000000010
1100000001110000001011000010001110010010110000000011000010101100
0000001000000101001010000000100000010010100000001000000100101000
0001000000101000010100110010000010000101000100100010100101010000
0011000001100101000000110000000001010000001100000000010100000011
0101010010010110010001010100000101100100000101000001011011000101
0001000010000001000000110100000001010000000101010000000100000001
1000101000001000101010001010010010001000100110100000100010101000
0010000100100000000100010000000001000000001100000010110000010011
1010010010000000001010100100100000000010101001001000000000101010
0001110000000000100000000100000100001000000101100000000001000011
0101010000000100010001010100000001000100010101000000010011000101
0100000100000101010101000100000000010001010001010000000100000100
0010101001000010000100100100000000000001001001000000001010000010
0010000001000100000100100000110000000001000100001100010000010000
0000100111000010000100101001110000100001001010011100001000010000
0001000100111000000000010001000110100001000100000011101000000001
1100011000000001001011000110000000000010110001100000000100101100
0000100100000000001000001000000000000010000010010000000000100000
1100000110100101001011000001001101010010110000011011010100001100
0000000000000000000100001011001001000000000010010000010000000000
1010101011101001101010101010111010001010101010101110101100100010
0000010000011001100000101100000110011000001011000001100100000010
0000000111000010000100000001110000100001010000001100011000010010
0100010111010001000000000100110101000000010001001001010010000000
0101011000010000000101010110010100000001010101100001010001010101
0000100000101001100010001000001010000000100110000010100100001000
1100001001000000001111000010000000000010110000100000000000001100
0011000011000100000100100000010001000000001000010100000000000011
0001000100000100010100010001000001000001000100010010001001010001
0000001000000010000100000110000100100001000000100001001010010000
0010000010000101100100100000100100011001011000101010010000010011
0000000100001001000100000001000010000000000000010000100100000000
0101001000100001011001010000001000010110010100100010000111100101
1001000100000000000000100000000000100000110000100010001000001101
0100100000010001010000001010000100000100000010100000000101000100
0010001000000001000100100110000010010001001000100000000100010010
0100000000010010011101000000010100100110010000000001001011100100
0000001000100000000000000010001000000000000000100011000000100000
1010100110100010100110101000101010101001101010011010001000011010
0100100001000000010000001000011000000100010110000000000001000101
0001011000000101011000010110010001010110100101100000011101001101
0000101001000010000001011000000000100100010010000000101001000000
0011111000010000110100011100000100101100001111000001001011000001
0001100010000101000000011000110000000000000100000100010100000001
1100001000110110010011000100001101100110010000100010011001100100
0000000011110000000000000000110101000000000000001111010000000000
1010111100000110111010101110000001101110101011100000011001101011
0000000100001001000000010001100000010000000000001000000100010001
0101100001100100000000000000001000001000000010000110000000000000
1000000010000110000110000000000000100000100000000000001000000000
0100100000100010101001000010001100101000010010000010001000100100
0000000001000000100000000000111100001001001000001001000000010000
1000101000000001100000001110000000011000100010100010000100001000
0100011000000000000000000110100110000000000001100000000000001000
0000000100000101000000000000000100000000001000000001010000000010
0000000000001000100100001010000010100000000000000000100000000000
0010000000000000000100101000010000100001001010100000000000000010
0000010110000000000000000011000100000000000001000000000001000100
0011000000000001000100110000000000100001100000000000000100010001
0001100001001010000001001010010010000000000010000100100001000001
0000000000001000000000001000011000000000000010000000000000000000
0000101001000010000000000000010000100000000110100100000000010001
0011101001000001000000111000010000010001000100000000000000000010
0000000011000000000110010000000000000001000000000000000000110000
0001000001000100000000000011010001000000000001001000100000010000
0100110000000001100010000000000000001000000000000000000100001010
1100010010001001000010100100100110011011100101011001000100010010
0000100001000000000000000000000100100000010000100001000000000000
1011010110001010101110110101100010101011101101011000101001111011
1000010000000000010000000000000010000100000001000000000011000001
0000000100000001000010000000000010010000001011000100000000000000
1010010000000000000010000000000000101000001001100010001000000010
0000010110001000000000000100100000000000000000011010100000000000
0100000000000100000001000000000001001000010000000000000001000000
1100010010101000111000000000101010000110010101001010101001101000
0000000000000000010100011000000000000000000110100100001000000001
1000000010100000000000000000001101000010110000000011010001001000
0000000000000010100000000000000000001000000001000010001000000000
0010010110000001100100000100100100011001101001001000000100000001
0000101000000001000010100110000001000000001010101000000000000000
1000000000010000001010000000100000000011000000000000000001000100
0000000001000100010010000000000000000100000000000000010001100001
0000000000100001000000000000001000000000000000101010000000000101
1010010001001000000000000100010010000000000001000100101000000000
0011100001000011010100110000010000000101001100000100001001010011
0000000000110001000011000000000100000100110000000001000000100000
0000000001100000000000000010011100000000000010000010000011000000
0100010000010000100011000000000000011000100000000100000000000100
0000111001001000000100111010010000100000000110100100000010010000
0000001000101010000000000010001010100000000000000010101000000000
0101100100000000011101011001000001010111010110010000010001110100
1000000001011000001000001000010111000010100010000101110000001000
0000000000000011000000100001100000100001001101011000101000010111
0001100000000000000000000011000000000000000010010000001000000000
0100000110000010000110000000100100000010100110010000001010110101
0000000000000000001001110000000100000010110000000000000000001000
1111000100000001000001111001000000110000011010010000000101101110
0000010010011000001000000100100010000000000001001000100000001000
0000000001000000000000000001000010000000000000000101100000000001
0000010101000000000000010001010010000000000010010100010000000000
0000000001100100000000000000010001010000000000000100110000000001
0000000000000000000000000000000100000000000000000000000001000001
0000000000101100100000000000001011100000001001010010110000100001
0100000000011000010001000000011100100100010000000011000001000100
0000100110000100001000001001100011010000000010010000010010100000
1000010000000010011010100000000000000010011000100000000000000000
0001000000100000100100010000001100001001001100000010000000010000
0001000001000000011100100000000000001001000100000000001001010101
0000000000000010000100000000000000000010001000000000000000010000
0000000001100101010000000000011001000100000000000110010101000000
0011010001000000000000000000010001010000000000000100000100010000
0000001000010001100000000000000100010000000000100001000100000000
0000000110000001001000000001100100000010000100011010000100000100
0100000000000000000001000000000000000110100000000001000000000000
0000000110100101001000000000101101010010100000011010010100000000
0000000001000010010000000000000000010101000000000000001000000100
0000100100000001010000101000000000000000000010000000000100001000
0000100001000000000000000000000000000010000000000100001000000000
0010110110100011010000001100101001011001111011001010000000000010
0000001101000000000000000000001000000000000011010000000000000000
0000000001001000000000010000000000000100000000011100001000010010
0001000000000000000010000010000101001000000000000000000000000000
0011010001100000010110100110011000000101011001000010100001010001
0001000001000000000000000000000100000000000010100010000000000000
0000000000000000000010000000100000001100100100000000000000010000
0000000001000100000001000010000000010000000000100000010000010000
0000000000001000000010100000000100001000000000001100100000000000
0000000000001000000000000100100110000000000001101001100000000000
0000000001000000000100000000010000001000000000000000000000000000
0000000000000101101000011000000000000000101000000010000000000000
1010101110010000000000000000000000000000000100100100000000000001
0000000010000000100010000000000011010000000000000000000010000000
0000000000000000000100100000100101000000000100000101000110010001
0110010100000000000000000000001000000000000000000000010000000000
0110110000000011000000000000010100000000001010100100000000000000
0010000010000000000000000000100000000000000000100000000000000010
1000000000000000000000000000100000000000000010000000000110100000
0000000000000010001000000000000000000000001001000000000001001000
0100000000011001000000010000100010100000000001010000111001010000
0000000000010000000000000000000100010000000010100001000000000000
0010000000000000010000010000101100000000000001000000000000000010
0000000001010000000000001000110100000000000010000100000000000000
0001010000000000000000000100000000000000000000000000001000000100
0000010010000000000011000000001000000000000001100010100000000000
0111010100100000010001100101001000110000100101010010100010000011
0000000010000000000000000000000101000000000000000001010001000001
0000000000000000101000000000000000001000001000000000000011010011
0000000000000000000000000000000000000000000000000000010000000000
0010000000101000100101010000001010000100000001000010100000010010
0000000000100000000000000000000000000000001010011010000000000000
0001000000000000100100000000010100000000000010000001010100000010
0001011000001000000000000000000000000000010001000000110000000000
0100000001000000000100000000000000000000000000001000000000000000
0000110000000001000000000110010100000010000010000000001000000000
0000000000000000000000000000010100000100100010000001001100000000
1000000010000000000000000110100000001000000000000000000000000000
0000000000001000000000000000100100000001000000000100000100011000
0000010000010000001011000000000000010000000001001000001100000000
0000100101100000000100000000001000110000010011000010000000010001
0000010100010010000000000001100011000000000001001001000000000000
0000100000101000000110100100000000100001000101000000100000100000
0000000010010100000001000000100000000000000000000000110000000000
0000000000000000010000000001000010000000000000000000000010000000
0000000001000000000000000000000100000010001000000000000000001010
0000000000000100100000010000100000000000000000000010000000000010
0000000000000000001000000000100000000000000000000000000000000100
1000000100000010000000000100000000001000000000001001001010010000
0100000010000000000010000000000000000000001000000000000000000000
0111000000010010111111110000000000101111011100000000001001111111
0000000000000010000000011000000100000000000000100001000000000000
0000000001000000000000000000000000010000000000000000000000100000
0000000000000110001000000000100001000001000100000000010000000000
0100001100000000000010000000000000000000000000000000001000010110
0000000000100011000000000000100000100000000000000000000000000000
0001100001010000000100100000010000000001000110000000010000111000
0000000100101100000000000100101010000000000000000010110000000000
0000000010000000000000000100000000000000000000000001110010000000
0101001000000000000100000000000000000000000000000001100000000000
1001000000000000000000000000001000000000000100000000000010100000
0000100010000000000000000100000100000000000001000000000000000000
1000010000000000000100010000000000000000001100000000001100010001
0001000000000000001010000100000000000000000101000000001000001000
0000000001000000010010010000000000000000100000100000100011000001
0000000100000000000000000101100000010000000010010000100000000000
0000000010000001000010000000001000000100000000000000000010000000
0010000000000000000000000010000000000000001000000000000000000000
0000000000001100000100000000000000000000000100001001000000000110
0000000101000001010010000000000001000000100001010001000001000100
0000110000100000100000000010001000000000100001000000000000000001
0000000100000000101000000000000000000000001000000000000001000010
0100000000000000000000000000010010010000000100000001010000000000
0000100000000000000010000000000000100010100000000010011000001100
0100110000000010000000000000000001010100000000000000010110000000
0000000000001000000001100000000000100000100010001001000001100010
0001000000111000000100000010100000000000011000000000000000000000
0000000100000001100000000000001000000000000001000010000000000000
0000000000000000000000000001010000000000000000000100000000100000
0010000000000000000010000000000000010000000000000000000000100000
0001000000000000100000010000000010000000010000000000000000000000
0000000000000100001000001100000000001100110000000001000000000000
0000000000100000000000000000000000000010000010000000000000000000
0000000000000000010000001000000000000000000001000000000000000000
0010000000000000110000011100000000000000000001000010000000010110
0000000000001000000000000010000000000000010000100000010001000000
0000000000000010000000010000000000000100000000000000000010000000
0101000000000000000001000100000000001000100000000000000000000000
0000000000000000100000000000000000000010001000000000000001001100
0000001000000000000000000000100000000000000000000000000100100000
0000000000000000000000000000000000010000000010001001000001000001
0000001010000000000000000000000001100000000000000000000000000000
0101100000100010100000000000000100000000000000011000000000000000
1000000000010000000000001000000000000000100001000000001000010000
0000000000010000100000000000100010000000000000000101010100110010
0000000100010000000001000000000000000000000001000000010001000000
0000110010000000000000010100000000000010000011000000000100000000
0100000000000100000110000000000000000000100000000000000001000100
0000010000000100000000000000000000001000010000000010000000010000
0100110000000000001000000000000000110000000001100000000000010000
0000000010000000000001000000000101000000000000000000000000000000
0000000100000000000001000110000000000001000000000000010000000000
0000000000000100000000010001000000100001000000000010000000000010
0011000000000000000010000010000000000000000000000000100000000000
0000000000000000001000000100000000000000000000001000000000000001
0000001000000100000000000100100000000000000000000010000000000000
0000000000000000100000000000000100000001010010000000101000000000
0000000100100010000010000000000001000000000001000000000000000000
0000000000100000000000010000100001000000010010100000000000000000
1001000000000000000000000001000001010000000000000010000000000010
0001000001010000000000000000000110101000000000000001010000000010
0000010000010001001000000000000000001000000000000000000000000000
0000100000000100000000000000000000000000000010010001100001000000
0000000000000000000000000000000100000000000000001000000000000001
1000001000000000000000010000000000000000000000000000000000000001
1001000000000000000001000000000100000000100000000000000000000010
0000001000100011000100001010101000100001000100100010000000000010
0000000101000000000100000001000000000000000000010010011000000000
0010010100000000000000000000000100000000000010000000000000000000
0000001000000100100000100000000000000000101000010010001000000000
0000000000010000000000100000000010100000100000000000000000000000
0000000000000000000100000000000011000000001000000000000000000001
0000000000001000000010000000000110000001000000000000000000000000
0000000000000000001010100000000100000100000000000000000101000000
0010000000000000100001000000000000000010000000000100000010000000
0000000000000000000000000000000000000000010000000001010000000100
0000000000000010000000000000001000000000000000000000000000000000
