0000000011000100010000000011011001100000001000100111010010010101
1011000000101000010000100000001000000000100100100000001110001001
1100011101100010100000100000101000001110100001001000100000001010
0011001000001100011000110000000000110000010000000000001100001000
1000000000000100000000010000000101000001010000000000000001000000
0000000001000010001100001101110001100100011011110000010010010101
0000000010000001000001001010100001000110100001000100000000000000
1000000000000000100000000110110100001000010000011000000000010000
0000000000110100000101000000000101101100100000000000001000000000
1000100010010001000000001000010111100100000010010010100010010001
1000000000000110000000000011010000100000100110010010000010010001
1000000001001000000010100101110100001000000100100000000100000001
0000001000000100000010000000000100000011000000000000000001000000
0001101000010011101001000000000110001000100010000000101100001010
0100010110000001000000001101000111000110000011011101100010000110
0011000000001100011110011101010100100000001010110110010010110100
1100010111000011100000000010101001011110100001011010110000000000
0010010011000001000000111100011000010000001010010010000000100011
1001100110100000000000010000000010011000010100000001000011101000
0000000100011000010000000000000010010000000000110010000010000100
0100000101100000010100100001001001000011000000000100010010100101
1000011100010010010000100010001000000010000010000011010011000001
0111000000000100101001110000001000010000110100000100000101000000
0001111000001000101111010000000010010110010000001100101100000000
0000011100100000010000000000001011000010001001000001011001000000
1001000101000001000100000000010000110000000111000000011000100000
0000000010000100010000000011000000100001111101000010010001000001
0011000000111100001010000000011000110000000100100000000101000000
1100101011110010100000100000101010001100100000000000100000001010
0011100000001000011001110000000100110000010000000000000000010000
0000000010000000010000000000000100001000000000000001000100000000
0110000000000010000010101100011001000001100011000000000000010010
0100001000000000000000001010010000000101000000000000000100000010
0000010000000100000001000010000000010000000000000000100000001000
0000000000000000000001000000000000001100100000001000001100000000
0000000000010001000000001100010111100100000010110011000010011000
1010000010100100000000100011010000100000001110010010010010000001
0100000001011100000111001001110100000000100100100010000000000011
0000100000000000000001000010000000000000000000100001000001000000
0001101000111001100011000000000110011010000000000001100000000010
1100100110000001000000001010000111000110000011010001100000000100
0010000000001100011101011111010100100000011110110110010011110100
1000000010000011000000001010001000001101000000000000100000001010
0000000000000001000100100001011010000000001010011100000000000100
1000101100000100000000000000000000011000000100000001100000100000
1001000000010000000000010000001001111000000000110000000001000100
1001000110000000011000010000000000000001000110000010011011110101
0001010010000001000000010100000001000000001000000011010011001001
0011000000001000101110100000000000000000110000100000000101000100
0000110001011000100011010100000011010110010000000000101001000010
1000110100100000000000010010000010001010001001000001011000000100
0000000001111001000100001001000000000100100110010010110010000001
0000000011000010011000000011101000100001001000100110010011010000
0011000000011000001100100000001000111000010000100000001101001000
1100010011110010100000000000001001011100100001000001100100001011
0000101100001000011010010000000010010010010000000100100100000000
0000000010000000000001001000000000000000010000001001000000000000
0000000000001011000000101000111001100100000011000100000100000000
0100000000000000000000000010000100000010100100000101100100000000
0000010000000101000001000000100100000000000000000000000000000000
1000000001000010101000001000000000000100100000001000101100001000
0100000001000001010000001001010111100100000111011011000010000100
0000000010000100000100100001010000100001001010010010010011000101
0010000001011001000100001101110000000000000110000100000000100000
0100110000000100000001000000000000000001000000000000000000000000
0000111000000000100011000100000110001010000000000000101100001000
0100010110000001000000001011100101000110001111011011000000100100
0001000000001100011110011001010100100000000010110110000011110100
1100010110100010000000000010001000000100000100000001000010000001
0010000001001000000000010010100001010010000100010010000000101010
1000100100100000100001000000000110001000000100000000101000101010
0000100000111000010000100000011000110000000000100000000110011001
0000000111100000000100010000001001000011001010001000000001001001
0001100000001001000000100011000000100010000000010011000011100000
0011000000101000100011100000001000010001110000000000101100000000
1100111100000001100010010000000010010110000000001100100100000010
0000000000100000101000000000000010100100001000000000011000010000
0000000001100010000100001001100000000000000101010011100000100001
0000000010000110010100100001001000100001000000000100010000010001
0011001000111100011110100000000000110000100000100000011100001000
1100001010110010100000000000101000001100100101000000100000001010
0000100000001000011111010100000101010011110000000100010100010000
0000000000000100000001000000000000000000000000000000000100000000
0000000010001010000000000101001001000000100000000000000000000000
0100000000000000000001001010000000000010000100000000000000000000
0010010000000110000000000011100100000000000000000000000010010000
0000000000000000000001000100010000100100000000000000100100010000
0000000010000001000100001100010101100100001011011011000000010000
1000000000000100000100100001010000000001001110100110010010110101
0010000001001000000010000101110100000001100100010100000000001010
0000000000010100110000000000000001000001000000001000000001000000
0000111000011001100001000000000110011100000000000000100000001010
0100000110000011100000001101100111000110000001011001100000000100
0000000000001100011110011101000100110011011010100100010011110100
0010000000000000000000000000001000000100000100000000001000000001
0010010000001001100000000100001000111000000010000110000000001011
0000101100110000100001000000000110000010000000101000110100001010
1010000000110000000011000000110000111000001000100000001010011000
0000000001110000000000110000000100000011001000000100001001100100
0000010100000001100000010001000001110000001010100011010011000000
1011000000101000100010100000001000011000110000000000101100000010
0001111000000011100011010000100110011110000000000100100100000010
0001010100000000000000010010000000000000001001000001000010000100
0000000011100000000000010010000010010000100001000000100010101010
0110000000000100000000010001001000000001000000110110010000000101
0011000000101000001100100000001000110001010000100000001110111000
1100010001110010100000100000101010001100100101001000100000001011
0000100100001000011011010101000111110000010010000100100000100010
0100000010000100010000000011000000000001000010100000000001000000
0000000000010110000010000101001001100001100001000100000000010001
0100000110000000100001000010000000000010000101001110000000100000
1100010010001010100010000100100000000000100000000100000000000000
0000000010100000000000000100010000010100010100000000101100100101
0100001011010001010000001100000111100110000111011011000010001000
0000000000000100000100100011001000100001000110100010010011100101
0000000001011011000001000101110100110000000010000100000000001010
0000001000000010010001000000000000000000000000001000000101000000
0000101000001000101010000100000110011000000000000000100000011010
0100011110000011100000001101100111000110000001011001100000001010
0011000000001100011110011111000100100000001010100100010011110100
0010010011000011000000000000011000000110000000010000000000000010
1000010000000001000010100001010000100000000001000100001000100100
1000101010010000110000000000000100000000010010000000100000001000
1001000000111001000000000000011000110000000000100000000010001001
0000100001000000001100010001000000000001010010000011010000100101
0000011000001000000000100010100111010000001000100011000001000000
1011000000101100000011100000000000000000110000000000001100000001
0000111000000000100011001000000010011110000000000001101000001010
0000010000000000000000010000000010001100001001011000011100000100
0000100001001001000100000010000000110000001010010000000000100001
0000000100000100010100000001001000000001000000000110010111000101
1011000000111100000110100000011000010001010010100000011010010001
1100000010110010100000000000001000001100100001000001100000001010
0000100000001000011110110001000001111001100010100100100110110000
1000001000010000010000001000000001100010000000000000010000000000
0000000000001010000000101100100000000000010000000100000000000001
0000001000000000000000000010000001000100000101011101010100000000
0001000100000100100000000000110001000000000000100000000000010000
0010000001000000000010000000000000001101000000000000001100000000
0100010110000011010000011000100111000110000101011010010010000000
0100000001100100010100100001001000100001000010010010010011100101
0010000011011010000110001101110100100000000010000000100000001000
0000001010000010010000000000000000001001000000000000000100000000
0000101000000000101011001100000110001010000010000000100000001001
0100000110000101100001001010000110000110000001011011000000000000
0010100000001100011010011101000101100010001010100100001111000100
1001011000100001100000000010000000000010000100010000000001001000
0000110000001010001000110101000100010001000101100000000000000111
1000010000000000001000010000010110001000000000001001011000011100
1000100000110000000001000000001000110000000000010000010001010001
0000000011000000001000000000000000000001010110000110011000110101
1001111100001000000001001001000000110000001000110011000011000000
0011000000101100000011100000000000000001110000100000101100000000
0000111000001000100011010000000110010000000000001000100000000000
0000000100000000000000000010000000001010011001001001000101100101
0000000001000000000000010100001000000000001010000110000010010101
0010000101100100010100000001001000100001000000000110010001000101
0011000000101000000100100000011000110000010000000100010111111001
1100001011110010100001000000001010001100000001000001000000101011
0000000000000100011011100101000101010000100010000100100000000000
1000000000010000010000000000010000000000000000000000000001000000
0000000000001010000000000010000001000000101010000100000000000000
0000000100000010001000000011001000000000101111001100100000000010
0000010000000110000011000000100100000000000000000100000010001010
1010000001000100000000000010010000001100110001001000101100000000
0100000010000001010000001001110101100110001101011011000001000100
0000000001100100010100100011001001000001000110100000010011100101
0010000010011010000010000100100001000000100010000000100000001000
1000001000000000000000000000110100000000000000000000000010000000
0000101000001011101001000000000110011000010010001001100000001000
0100001110000001000000001010000110000110000001011001100010000110
0010110000001100011010011111000100010010000010100100000001010100
0001000010000001100000000000101000101100000000000001010001000101
0000110000000011101100101101100000000010000000001000000000000101
0010010000000000010001010000010110001100000100001000010111001000
1000100000011001000000000000010010111000000000000000001010011000
0010000011100000001000000000000000100001000110000001111001110100
0000000001001001000001100001000010110000001000100010000000001000
1011100001101000101011000001001000000001110000000000100100110010
0000111000000000100011011000000010010110000001000001100000001000
0000010000000000000000000010000000001010000000111011011110100100
0001110000000010100000001101000000010010100001010100010000000001
0010000011100100000000100001001001000001011000101110010111100100
0011100000111000011010000000001000010001110010000100001100000000
1100001011100010100000100000001000001100100000001001100000000011
0000010100010000011000110100000101010010100011000100100100000000
0000001000100000010000000010000000100100001000000001010000000100
0011000000001010000100101101001000010001000000000100000000000001
0100011001000010001101111000000111000110100110000000000000000000
0000100000000100000010100000100000000000100000000001000000000010
0010000000000000000010001010000000000101000000000000100100100011
0100000000000001010100001000100111100110001100011000010001000100
0110000011001110000100100001001001000001000110100000011111100101
1001000010011111000010001100110001000000100010000000100000001010
1000000000001000000000100000000000000100000000000001000000100000
0000111000000001100011000100000110001000100010000001100000001010
0100000110000000000000001000100110100110000101010011000000000110
0011110000001101011110010101000101000010000010100110000011000100
1001000010000000000000000000010000101000000000010001011011001001
0000110100000010000010000101100000000000000101100110000000000110
0000011000000000000001010000100100001000000100001000000000101000
0001000000101000010000000000010000101000000000100010001000011001
0011001011100000001100000000000000000000001011000000000001110100
0000001001000000001100000001000000100000001001000010011000000000
1011000000100110001011100000000000000001110000100100100100010011
0000111000000001100001010000000110011100001000000001100000000000
0000011000000000000001000010000010101100001001001010010100100100
0001100100001000100000010101001000010000000000000100000000000001
0110000011100100010100000001001001100001000000000000010101110000
1011010000101100001000100000010000010001110000000000000101010001
1100000011110010100000100000001000001100000001011001000000001011
0100101000000110001010000100000111000100100010000100100100000000
0000000010000000000001000000010000000000010000000000000001001000
1010100000011011000100100101001000100001000000000110100000000001
0100011110000000000000001010000001000011000110001100000000000000
1000000000000110010011101010100100001100100000000000000000000010
0011000000000010000010100110101000000101000000101000100000000111
0000001001000001010100001000110101100110000111010011000010000100
0110000001100110010100100001001001000001100100110000010111100101
1001100010011111000110101100100001010000100110000000100000001000
0000000000010000000000000000010000101001000000000000000010100100
0001101000000000101001010000000110011000000000000011100000000010
0100101000000000010000011000000110001110000000010011110000000010
0010111000001101011010010101000100000010000010000100000101000100
1011000010110000000100000000011000101000010100110001011010011101
0100000000000100100000000101100000010000100101101000000000000010
0000010100000000110001010010010000000010000110001001000010100110
0001100001101001000000000000010010110000010000000000001010001100
0010000010010000001000000000000001100010001011000000011000110101
0000001001001001000101010001000011100010001110010010001001011000
1010010100100000000011100000000000001001110000000000100100000010
0000111000000000100011001010000110011000001000000001100000000000
0100011000100000000001010010000000100110001000101100010010000101
1000110000000000101000000001000010000010000011000100000000000111
1110000001100110000100000001001000000001000000000100010101000000
1011010000000001000111010001010001000000010000000000000100110000
1100000111110010100000100000101000001000000101010001001000001011
0100001100000100000001010100000101000110001001001110000100100000
0000000000000000000000000000000000000000000000000000000000000000
0000000000000000000000000000000000000000000000000000000000000000
0000000000000000000000000000000000000000000000000000000000000000
0000000000000000000000000000000000000000000000000000000000000000
0000000000000000000000000000000000000000000000000000000000000000
0000000000000000000000000000000000000000000000000000000000000000
0000000000000000000000000000000000000000000000000000000000000000
0000000000000000000000000000000000000000000000000000000000000000
0000000000000000000000000000000000000000000000000000000000000000
0000000000000000000000000000000000000000000000000000000000000000
0000000000000000000000000000000000000000000000000000000000000000
0000000000000000000000000000000000000000000000000000000000000000
0000000000000000000000000000000000000000000000000000000000000000
0000000000000000000000000000000000000000000000000000000000000000
0000000000000000000000000000000000000000000000000000000000000000
0000000000000000000000000000000000000000000000000000000000000000
0000000000000000000000000000000000000000000000000000000000000000
0000000000000000000000000000000000000000000000000000000000000000
