0110100000000100000001000001010000110001100110001000000010000010
0100000000000010100000100001000010001000000001000000001101100100
0000000000111000010100001000001000000000000000100000000000011000
0101110000000010111001001010000000100010000000000000010011000011
0010000001000000000000010000010100000000000000000100100000010000
0100001100110000110110010011010000001110000000000001001100001010
0100011000000010111010010011000100100110001001000000001111110011
0011001001000000011100100010001100001010111010000000100000010001
0001110000001000000000000000101010000001010011100100011001010000
0000011000000000010000001010001000000110000001000000001001000101
0000000001010000010010100010001100100110100100000010000000010101
0001001000010010001010100011000101000100001001000010000101100100
0010000000110010011111001001010100000110101100000001000010000111
1001100110001011100001000000100000011010001000110001011101100010
0100000000000010101011001011000000000110000001110001001110100101
1010000000111100000000000100101001011000011010000000100000001000
1000000100000011100001010010000000001110000001010001001100100000
0010110001001100010000000100001110000000010010101100000000000001
0110000000000100010001001001000000000100000000001000000011001011
0100001001000000000101001001000001001000000101001000000010000010
0011000001000000010001000000000000110010100010001001000011000010
0000000010100000000000000000000000000011100000100000000000000000
0110000010001001000001000100010001011001000000101000000100000010
0000001000010010011010001001000000100110100001001000000011000111
0000010000110000000110110100100001001000000000000110000000000000
1100000110000011101011011010000010001010001001110001001101100010
0101000010000011111000001000000000100010101000100001010101100101
1100110110001001000001010100000011100001000010001100000010000010
0000001000110000000000000011010100000100000000000000001000000101
1010000100100000111000000111010000001000000100000001000010001010
1000000000001100000001000100000000001001100000001000010000010000
0100000000110000000010000001010000010100000101000001100100000010
0100000110000010001001001000000000000010000100011001000001000110
0000011001000000000100101000100110000000100010000110001001100000
0000000001000010010100100100001100100000000000001110100001000000
0011000101001001000001000000100000011000011101000000010000111000
0000001100000000000010000000010010000110000000000000001100001101
0000011000000000000100110000000111100100000000000110100000000001
0000000100001011011000001000000000010000000101110001000100001000
0000000000000000001000000011000000000100000100001001000111000001
0000001000010000010000100110001110000110101000100100000000000001
0110110000100000000000000110011000100000000000001100101010000000
0010000000001001000001000000000000010000100100101000000000000001
0001100000001101000000100000100001000000010010001100010000000000
1000100011000001000101010100000010001001010010010000010000000000
1100000110010001000000000001100000011001000100000011110011001000
0000000001000010000110100000001110000000101000100000000000000000
0000011010001010011000101000100110000110000000100100011001110101
0001001000001000000000000100010011000000000000000000000000000100
0000101000001000100000110000101001001000011011010010110100110000
0100001001000000101000101001010000000100000001010000001001100100
0001011000100010101100101110000110000100001000101110000001100000
0000011000000001010000001001000100000010000000110000001000100101
0011001001001000100100100000101110000000000010000100011000100000
0100000100110000000011000001010000000101000100000001000010001010
0000000110000011001101000000000000001000001000010001000111100110
0101010001000000000100110100100001000001000000000110100000000000
0000000000110000100010001001110011001100000101010000101100101100
0100000110100011001001000100000011001001000011110000000100000000
0100000001000010101100001011000100000010100001100001000011000001
0100001000110000010111000001010000010100000100100001000000001011
0000100100101100000001000000100000010001010110000000010010000000
0000000110000001000010001001000000011001001000010001000000000010
0000001010010000000000000100011011001100010100011000100000010100
0000000100000011111001000000000000000010000010010000000001100000
1000000100000100000010001000000000011001001100000011000000001010
1000001100000000000001000010000011010100001110010001000110001000
0001010001000000010100100010000100000000100000000010100001000001
0010001010110000010010001000010011000110000100010000000000001110
1000100100000101000000010100000010001001000011000000010000010000
1001110001000010000110001001101100100110000001000100000000000101
1110000000001100000000000100000010010001000000001001000000000000
1001111000000100100000010100101001000000010000000100010010000000
0000000100110000000010000001010010000100000000000011100000000010
0000000000100011101000000110000011011001001011010000010100000000
0000000101000000000100100000001100001000100000001010100000001000
0100001100110100000000000001000011011101000100000000000000001000
1000010001000011101000111010001000100010000011000100011101110000
1110001000010000001100001010000000000110000000100001000001110100
0011000101000001000000000000101000000000011011000000010000010000
0111001000110011101000001000110000000100000100110001001100000100
0101000010000000000110000000000010001000001000000000000101100000
0010100101000100010001000000000000010000000110000000010000001001
0000001000010000100000000010010110000100000100000001100100010101
0101000100110011011011001000010000000000000000000001000001000111
1000100100000000000001000010000010100001000000000000000001010000
1001001101011001000100010000010000011000001010000000001000001000
1000000000000010101000010010000001001001000001010000000010000000
0000010000100100010000100100000111100000000000000110000100000000
0000000100000000000000011000000000100100001100010000010100010100
0000000000000000001100110000001100100010000000000010010001101000
0000001100110000000010000001110011001100000001010001001100000111
0000001000000010100000000000010010000010000001000000000111000011
0001001010010000000000101110110001000100001000000010000000000100
1000001010001000000001010110000011001001110000001100000000000000
1000000100000001000000010100000011011000010000001110001010000010
0000011000110000111000101000001100000110000000000000001100010100
0000000100100000000001000000000011010100001100010000000000001100
1110110100001100000001010000100011010000000110000000000010000010
0001100001001001001101110110101100001000011010001100000001100000
0000000100000011100000101000000000000010101101000000000101101000
0010000100011100000001010001100000010000001100010000000000000000
0001010001000000000100100110111101000000000000000110100000000101
0000000000001010001000000000000000100010001000100000000000000001
0000001111001000000110000011101001001100000000010000100000100000
0000001000000000000100000001010100100000100100000110001010000010
1010110000100000000000110100000100100000001000000000011001000000
0000000100010101010001000000000100000000100110010001000001101010
0010100001000100000001000000101000110000010010000000010010000000
1010000100001000110000001000000000000000100100011000010010011000
0110100000000001000001000000000000010001000100100000001010000010
0001000101010011000001000000001001010000011010100001000100001000
1001000001001000000100000000101100000000010000100110100000000000
1000000000001011100001111010000010100010001010000001000101110010
1010110010001100000000001000000100100001111010000100110010010000
0100000100000000000011000000010010001100001110100001100001000000
0001000010010010101100100010101110000010011001110010100100100100
0111001010000011001000000000000000000010000000100000000000000100
0000000100100001001001000010000001010001000000011001000000000010
0100110000100100010000001001000100100001000000000100000010000010
0100100100000000000000000000000000100001000100000000000011011000
0101000001000010000101000010000000000000001000100100000001111000
0000100000000100000000000000000000101000010010000010011000000000
0000001000000010000000100000011100000000000000000010010000110100
0000000100000010100010001001000010100110100101010001001000001000
0100001110000010011000001001010001000110000000111001100000000010
0000000000010000000000100010011000000010101001010110101111000110
0000001010010010011000001001001001000010000000000010100000000101
0001000001000001000101000011000100000000001010001001100000000000
0001010011000010100000011000101000000010000001000010000110000001
0010000000000010100000101000100000000010000101000000011000010101
0100001000110000000010000001111011001101000000110000000100000110
0100000000110000101010000001010000000100000100010000000100001000
0000100000101110101000000000001000010001000001000000010000000000
0001110001000010110000001000100000100010000001000000011100000000
1010010100001000001000100000000000110000000001000000010000000000
1000001010101000000000000100000001000001000000001100000011000010
1000000000010001010001011000000100100000001000000100010000100000
0100110011000000000010100100000011001001000000000010000010000000
0001000000000000010010000000010000000000000000000000000011000010
0000100001000100010100000000101000000000000011000000000000100011
0000010101000000001000000000011000101100000001010000011010000101
0101000001000000100100010000111000000000000010000110101001100000
0001010001000100001000000001100010000000010000000110101000000100
0100000000000010101010000011000000000110000001010001000000000101
1110110000001000000000011100000000100001000000100000011011000000
0001000011000000001000000010001000000000001010101000010000100000
0010110011000010011100101000000000100010000001000000111000000000
0010000100000001000001000001000000011000001000000000000000111000
0000000000110000010000000000000100000000110000000001000000000100
1000000100000100000000110001000000001000010010000011100000001000
1010100100001100100001010000100000010010000100000001010000011000
0000000000000001101001000000000000100010101100111001000101111000
1010100000000011101000001000000000010010000010000000011000000000
1010110100001000000001010000000000000001011010000100010011111000
0100000000000000100011000000010010000011001001110001000100100010
0000011010100000110000100000000000000110000000000010101000010101
0001000011000000000100000011101000000000011000000110101010100001
0001110001000010000100100000100100000000010000000110101000000001
1010110010000100000000000000000000010000010000000110100010000000
0100000100000010101000001000000000000000000001010000000100001100
0000001010000000100010000000110001000110100000100000000100000100
0100000100010010100000001000000000100001000011000001000100001001
1000000000100000000000000100000001000000000001000000010000001001
0101000001000000001100000001010100000000000000001110100000000010
0000000001110000010010100000000100000010000000100100000000000000
0100001000000010001110100011010011000000000000000000000000000011
0100001110000000001001000000000000000010000001110001001100000111
0101000001000000101010001001111000000100000000110010100000000100
0010000000100010100000000010000110000000001101010000001000011001
0101000000010000000110100010011100000000100000100000100110000101
0010000000001001010001001000000000010000100100001001000000011001
1010110001000100000000110000000100100000011000000010110001010000
1000000100000000000000000000000000000010100100000001000111001010
0000001100010001000010100100000000000100100100000000000000011010
0001000000001001000001010010111000011000011100000010000100111000
1010000100000001000001010000000010010000000110000000000001000000
0000000000000000001100010010100000001000010000000010111001000000
1010010000000000000000010000000000100001010000000100011000010010
1110110000000100000000010000000100110000001010000000010010001000
0010100010001110011001001000000000000010000000100001010000001111
0000011011000010010110100000000100100000000000001100000010000000
1001000010000100000100010000000000001000000010000010010010000000
0101000110000000000010010000000011000001000000010011000010000000
0000000100000000100001000000000000011001000101000000010000001000
0100000000000010100000000010010000000000000001110000000100001001
0001000001000000000100000010100000000000011000001110100011000000
0001000110000001001100100010001000000010000000000011000100000001
1010110001000000000000010000000000000000010010000000010000000001
0000001000010000000000000011010010000100001000000101100000000100
1000000000001011001000000010001001010000000010100010001100100000
0100000000010001100000001000010000000000100000100000000001001110
0001010100000000000000010000000100000000000000000000000000000000
0000000010101000000001000100010010000001000010000001000001000010
0100000000100100000010001000010000000010000000000001000000000010
0010111001000010010100101000000100100010001000000010001000000100
0001011001000010111100100001001000100010000000000100010000000001
0100001000000010000001000000010000000001100100100000001000100000
1100001000101000000000000000000000000001000000000000001101011010
0010010101000000010110100000010100000100101101000001001000011101
0000000100010000100000000000010000000110001000110001000100110101
0001000001000000001000001010000010000010000000100000000100100100
0001000000110000010000000010000010000100000000100100000000000000
0000001000110000100010000000010100000100000000110001000100001011
0000000100000000000010000001010001100100000100100001000000010101
0001000000100010110000100000000010000110100000100100000100000111
0000000000000001000001000010011010001001011000000100000001000000
1100100000101100000000000100000010110001000100101000000000010000
0000000000000000000000000000000000000000000000000000000000000000
0000000000000000000000000000000000000000000000000000000000000000
0000000000000000000000000000000000000000000000000000000000000000
0000000000000000000000000000000000000000000000000000000000000000
0000000000000000000000000000000000000000000000000000000000000000
0000000000000000000000000000000000000000000000000000000000000000
0000000000000000000000000000000000000000000000000000000000000000
0000000000000000000000000000000000000000000000000000000000000000
0000000000000000000000000000000000000000000000000000000000000000
0000000000000000000000000000000000000000000000000000000000000000
0000000000000000000000000000000000000000000000000000000000000000
0000000000000000000000000000000000000000000000000000000000000000
0000000000000000000000000000000000000000000000000000000000000000
0000000000000000000000000000000000000000000000000000000000000000
0000000000000000000000000000000000000000000000000000000000000000
0000000000000000000000000000000000000000000000000000000000000000
0000000000000000000000000000000000000000000000000000000000000000
0000000000000000000000000000000000000000000000000000000000000000
0000000000000000000000000000000000000000000000000000000000000000
0000000000000000000000000000000000000000000000000000000000000000
0000000000000000000000000000000000000000000000000000000000000000
0000000000000000000000000000000000000000000000000000000000000000
0000000000000000000000000000000000000000000000000000000000000000
0000000000000000000000000000000000000000000000000000000000000000
0000000000000000000000000000000000000000000000000000000000000000
0000000000000000000000000000000000000000000000000000000000000000
0000000000000000000000000000000000000000000000000000000000000000
0000000000000000000000000000000000000000000000000000000000000000
0000000000000000000000000000000000000000000000000000000000000000
0000000000000000000000000000000000000000000000000000000000000000
0000000000000000000000000000000000000000000000000000000000000000
0000000000000000000000000000000000000000000000000000000000000000
0000000000000000000000000000000000000000000000000000000000000000
0000000000000000000000000000000000000000000000000000000000000000
0000000000000000000000000000000000000000000000000000000000000000
0000000000000000000000000000000000000000000000000000000000000000
0000000000000000000000000000000000000000000000000000000000000000
0000000000000000000000000000000000000000000000000000000000000000
0000000000000000000000000000000000000000000000000000000000000000
0000000000000000000000000000000000000000000000000000000000000000
0000000000000000000000000000000000000000000000000000000000000000
0000000000000000000000000000000000000000000000000000000000000000
0000000000000000000000000000000000000000000000000000000000000000
0000000000000000000000000000000000000000000000000000000000000000
0000000000000000000000000000000000000000000000000000000000000000
0000000000000000000000000000000000000000000000000000000000000000
0000000000000000000000000000000000000000000000000000000000000000
0000000000000000000000000000000000000000000000000000000000000000
