0010000010110000000000010000000010010000101011000000000001001011
0001100001001000001101000000001000000101001110011001000000000000
0000000001000110001010100000110100000000001000000000010100000110
1000000010010000000000001000110000000100000000000000000000010000
0000000100001100000000000100101010000000010000000001000000001001
0010000100001000000000000000000010000000000000000000000000100000
1100100101000001010010011001000000001000100101000010000000010000
0000001001000000010000000000000000010100011011001101011111010100
1000000010000001011000001000000110101100000100100001000001010000
0000010001000001000000000000001000000101000010010001000000100101
1001010100001001000000000101000000000001000001100011001000000000
0100110001000001000001101001000001001010000100000011011000000110
0000000000010000000000010000110000100010001000000000100000010001
1000100100000001000000001101001100001101010000100000010000000100
0000000000100010000000000010100100000000000000100100000000000000
0001110100001000000000000110001000000001000100101000000000000000
0010011000010100100101110100000011000000110101100010011000000000
0011010000000000000000001010000001111000000000100100000000000010
0100101000000000010000000000000000000001101011100001010011011000
0000000000000110000000000000011000110001100000100000100110001000
1010000000001000000010101010001000000010000000100010100000101000
0100000101000000000011100001001000000001000000110000000000000000
0000000000101010000001000010000000000000000000010000000100000000
0100000000010000110000000000001000000011010000010100000100000000
0000000000100100110000000000001000110001101001001000100110011001
0000101000000001000000001111001101000000010000010000000000000000
0100001000110000000001010000000010110000101001001010100100010000
0100000000001001001001101100000000000101001000011000000000100100
0100000010000010000010110000000000010010000000000010010110000101
1000000000000001010000000000100100000000000011000000000000000010
0000000000001100000000000000000000000000000100000001000100000000
0010000100000000000110000000000000010000000000000100000000010110
0000001001100001000000001000000010001000000101010111001000110010
0000000001000000010000000000000100011000010000001101010101010101
0010001000100000000000000000000000100100010000100001000000100000
0101001000100000000000000000000000010000000100000000000000000000
0001000100001001001001000101100000000111000000101000000000001000
0000010000010000000100101001000010001010000000010010010000010000
1001100000010001000010000000110000100000001100000000100000000000
1000000011000000000010101000000000000000000000000100000010000000
0000000000101000100010000001000000000010000000000100000000000000
0000110100001001000001000101000001001100010100100001100000000000
0100000000000000100000000000000001000011000010001000001011001010
0010000010010000000000100000000000000000000001000000000010010010
0000100000000000000000000000011000000001010000010001001001001001
0000000010000110100000100000001000000101000000000000000110000000
0000000010001010000001101111101010000010000000100010000000101000
1100100100000100000000010001101000000011101010010010000100000000
1000000000000001000010000000000001001000000001000110000100010010
0000000001100000100000001000110100000000100010000000000100001010
0000001000000100000000010010000000110001000000001000000010001001
0110000111000000110000000100001100000000000000000000000000000000
0100000000000000000000000001010000110000100101001010000100010000
0011001010000011001100000100110010000001011110010000100000100001
0010000000100110000000010000010000010100101011000110000111100100
1000100100000001010000001001000000001000010000111110100000100100
0000000100000111100000010000001000000010000000000000000000000000
0000101000000000100000000000000000111000000000000000000010000000
0000001000000001000010001000100000001000100110010010000000010000
0000101001000000110000000000000100110000000001010100010111010100
0000000000110001010000100000000010100000010001001100000000010101
0000000000001000000000110000001011011000001010100000000000000000
0001010100001001011000000001000001001001000100101011100000000000
1100100100010001000101001001100001001000000000010110011000100000
1000100000011011000101000000110000000000001100100000100000000001
0010000000000010000000000000100000000101000000000000000010000000
0000000000000100010010010000000100000000000000000100000001000000
0001010100001000000000001110000001000000010000100000000000000000
0011000000101100100000110010011010000000001000010010100100101000
0001100000010100001000000001100011110000011001011010010101001000
1000100000100000000000110000000100000000000000000000010000010000
0001000000010010100001100000001000000010000000100000100110001001
0110000000001000000000001001100000000000000000100010000000000000
0100000101000110001010000001100000000011101000000010000000000000
1000000001000000000000000000000001001010000000000000000000000010
0010000010100110110001000000000000000100100001010000011110010000
0000000010100110110000000000000010000001001001100000100010000001
0110011000000000000000000010001100010001110000010000000000000000
0001000000010000001101010000000010010010001000000010100000000000
1010000000000000011000001000101010100110001010001000000000100000
1100000010100101100010010000010000000000001000001000000111000100
0000010100001001000000010000000000001000000000010100001000000100
0000000100001000010001000000000000000010000000000000000000000000
0000100000001000000000000000000000100000000000010000000000000000
1000100000000000000010011000100001001000000100011010000000000010
0000001001100001011100000000000010010100010001010001010001000101
0000010000110000010000000000000010000100000001000101001000110001
0000000001000010001100000000001100000001000000000000000000100000
0001010100001000000001001101000000000001010000101000000000000000
1000100000000001001001011001100000001000000101010011000000000000
1001000000001001000111000001010010101100010000010010110000010000
0000100000001000000000001101000000001001000000100000001000000000
0100000000000001000000000001001000000000100000000000000000010100
0001010100000001001000001101001001001000010100100000000000000000
0110001001100000000000100000010000000001000000000000000100101000
0000000011000000000010000000000110010000001001000000110001000110
0000000000000000001001000010001001000001000101000000000000000000
0011000000010110000101000100000000000110010001000000100010000000
0111000000001000000000100110001000000000000000100000100000000010
0100000001000111000010000100110000000001000010010010000000000010
0000000000000001010001000001000000000000000000000010000010000000
0010001010110000000110000010100000010010000010010000000110000000
0000001000101100110001000000000100100001000000000000010110000001
0010000011001000101000000010001000000001010000001100000000100010
0001000000000100010111011000000010000000000101000000100101010000
0000011101000000001100000000000010000000000000101001000000000000
0000000000100010001110100000000000010010000001000100010011000100
0000000001001001001000001101000100000100000000000010010000100000
0101000000000000000000010001000000000001010101000000000000100000
0010000000000000000000000000000110100000000000000000000000000100
0000101011100000000000010000100010001000100000011010001000110000
0000000000000001010101000000000100011101011011011100010101000101
0000011000100000010000001000000100000000010101000101100111010001
0000000001000000000001000000000001000000001000000000001001000001
0001110100000000000001000101000001000001010100100000000000000000
0100110101010000000000100001100000001000000000000011100000000000
1000010100010101001111000001010000000110001000000000000001010000
0000000000001100000000000100100100000001100000000000001000100000
0000000000000110000000000000000000000000000000000000000000001100
0000110000011001000000001110000000000001000100100000101000000000
0010000000000100000110000000001010000001000000000000000010000000
0000101000100000000010000000000100000000001000001000000000000100
0000000000100000001000000000000001000001001001000000010001000000
0001000000001100110101000000000001000010010000100000100010000101
0100000010001000000000110001001000000010000000000000000000000000
1000000100001000000000001000110001000011000000000010001010000010
0000000000001100000010000000000000000000000000000000000000001000
0000000000100000100000000000010100100000100000010100000110010100
0000000000001000010000000010011000000000100010000000000000000001
0000000010001000100000000110001000010001000010100000000000000000
0101000000000001000011000000000000100110000001000000110000010100
0000000001000001000101001000100000001101010010001011001000100000
0000001010100110000111000000010000000000100001000100010100001110
0000000010000001000000001000000000001100000000000100001000000100
0101000100000100000000010011001100000000000000100001000000000001
0001010100010000000010000100000010000000000110010100000000000000
0100000100100000000010000010000000000000100100011010001000100000
0000101001000001010100000000000000011000010011011100010101000101
0001000000010000010100000000000000100100010101000101000001010001
0000000000000110001100000000000011100000000001000001000001110010
0000000100000000000001000100000100000001000000000001000000000000
0100100000010000000010110001100000001010000000010110001100000010
0000000000010101000000000000000010100100001000000000110000010100
0000100011000000000000000100001000000000000000000100000000000000
0100000000001000010000000011000000000000000100000100000000011000
0001010100000001000000001100001000000001010100100001000000000000
0010010100101100000000010000000000000011000001000011000100001001
1000001010000000000100000000000010010000000000000010010000100001
1001000010000000000000000000110100000000000000001001000000010000
0001000000000000010001001000001101000100000000100000000000000101
0000000010001010000000100110001000100010000000100000000000000000
1010000110001110001010000011100000001011001010100000000000000000
0000000000000000000000000001000101000000000000001010000100000000
0100001000000000010001100000000010010010100000000001000000000000
0001000000100000010100000000000100110001000000100000000000001001
0010101010101000000000100100000000010001010000000000000000001000
1101000000000001000001010100000010010110010100100000110000000000
0100000000000000001000000000000001011011000010000010100010000100
0000000001100110000010000000010100010000000001010000010110010110
0000100001000000010000001101000000001100000000110000100000000001
0110000000000010100000101001001000000000010000000000000010001000
0000001000000000000000000100000000000000000000000000000100100000
0000000000100000100010010010100000001000101011010010001000110010
0001000000010001011100000000000000010000000101010001010001000101
0000001000000101010100010000001100010100010100001000110001000000
0000000000011000000000001010000000000000001000000000000010000000
0001110000000000000000000101001000001000010000100000011000100000
0100100000000000001000100011101000001000100000000110000000000000
0001100001000000000101001001010010000100001001000000101000010100
0000101010100000000000000100100100000000000000000110001100001010
0000100000000000000100000000000000000000000000000000000000000000
0001111000001000000000001100000001001001010000101000000000000000
0001000000000010000010000111000000000000100001000000000100000100
1000101010100000000100000000000010000000000000001000011000000010
0001000000001000000010001010100000001000000001100000000000000000
0011010100000010010101100100010000000100010000100000110010000101
1000000010001000100000000000000000000000000000000010100010001000
1000100010001000000000000000010000000010100010100000000000000010
0000000000000000000000000000000000001000000000000001000000000000
0000000000100000100111100000000110010000000001000010010101000010
0011001000001110010100000000000000110000000000100000000111001001
0000000001000000100010000110001001010001000000100000000000001000
0001000000000001000010000000011000000100000100100001000010010000
1000000011000000000000100010000001100000000000010000100000100000
1100000001110100001000000000010100010010101000000100010101000110
1100000100000001000000001100001100000110010100011100000000000001
0001000000000001000000011001100000000010000100000000000000000001
0010001100000000100000000100000000000000000000010000000000000000
0000100000000000000000000000000000001000101101011011000000100010
1000001001100001010101000000000100000100000001010100010101000101
0000001000000001000100000100000000000100000100010100010001000101
0011001000001100000000100010100001000000000000100001000000000000
0000110100001001000000100100000001001000000000000100100000000000
0100100100010000000000111001000001001000100001010110000000010010
0000000000000001101100100001000010100100001011000000110010010000
0000001010000000000000000000100100010000000000000100000100100010
0001000000000000000000000000000100100100010101000100000000000000
0000100000001000000000001100001001000001010000100000001000000000
0010000010010000000000000010001010000000100000000001000101010000
0000010010101001010000000000000010110000101001000010011010000110
0001000010000000000001110100000100000010000001001101010000000000
0001000010000000000000000100000001000000010000100000110010000101
0010000010001100100000001010000010000000001000000000001000000000
1110000010001010100000000000000000000010001000010000000010000010
0000001101000000100100000000001000000000010000101010000000000000
0000000000110000010010000001000010010000100101000000000011000100
0001001010000000000000000000000100100100000010101000110000000000
0110000010000010000000000100000100000001010000100100000000000011
0100010000111000000001000100000010010100000101000001110000010001
0000000011001000001011001001100000000001000000000001000010100000
0000000000010100001010010001000000010000100001000001010111000110
1001001100000001010100001000100000001100010000000100000000000000
0111000100000000000101010101000000000011000100100000000000000001
0010000000100000100000000000000000100000001001000000000000010010
0000101000100000000000000000000010010100100111010010000000110000
0000100000100000001101000000010000000001100001010000000101000100
0000001000100001010000000000000110010100010100100001000000100101
0000000001100101000000100000000010000000001000100000100000000001
0000100000000000000000001100001000101000010000000000000000000000
0000100000000001001000011001000000000100000000000111100000010010
1000000001010000101010000000010010001100000001010000000000010000
0000001010000000010010000000000100000000110000000100000110001000
0100000010000000100000100000000000010000000000000000000000010010
0001100000001000000000000100101000000100010100100000000000001000
0010000000110110100000100000000000010000101001000001000111101000
0000001000001110000010000000000000100000101000001000110111000110
0000000000000001000010000001001001000111000000000001000000000000
0001000100001010010010000100010100000110000000100100100010000001
0100000010001000100000100000000000000010000000100000001010001000
1000000100001001000001000000100000001000100000000000000000000010
0100000100000000000000000000000000001000000000000000101000000000
0100000000110100010010100000000001000100000001000001000100000000
0001000000100110010100000000001010100001000000100000000010001000
0010000010000100010000000010000000010000000000100000000001000000
0001010000010000000001110001010000000110000100110001100010000000
0000100000000000000101000000100101000010010010000011010000000100
0000001010100000100010000000010110000000101001010000010110010010
1100000100001000000000001100100000001100010000000100000000000100
0000000000000000000000000000000000000000000000000000000000000000
0000000000000000000000000000000000000000000000000000000000000000
0000000000000000000000000000000000000000000000000000000000000000
0000000000000000000000000000000000000000000000000000000000000000
0000000000000000000000000000000000000000000000000000000000000000
0000000000000000000000000000000000000000000000000000000000000000
0000000000000000000000000000000000000000000000000000000000000000
0000000000000000000000000000000000000000000000000000000000000000
0000000000000000000000000000000000000000000000000000000000000000
0000000000000000000000000000000000000000000000000000000000000000
0000000000000000000000000000000000000000000000000000000000000000
0000000000000000000000000000000000000000000000000000000000000000
0000000000000000000000000000000000000000000000000000000000000000
0000000000000000000000000000000000000000000000000000000000000000
0000000000000000000000000000000000000000000000000000000000000000
0000000000000000000000000000000000000000000000000000000000000000
0000000000000000000000000000000000000000000000000000000000000000
0000000000000000000000000000000000000000000000000000000000000000
