1000100000011000000110000000000110100001101010000000000000010000
0101100001010000000001000000110100000110011011000101000000000100
0010000000011000011000100000000110000110001000000001000001100010
1000101001001001010010001000010010010010100010100100100100001000
0010110000001100010000101100000110000100001000000000010001000010
1001101010100000001010011010100000000010100110101010100000101001
0101000000000001010101010000010000110001010000000100100000010101
0110000101100000011101110001011000000111011000010110000011110110
0000101011000110000100001010100001101001000000101000011000010100
1000101000001000000110001010000010001001100010100100000000011000
1000001001000000001010000010010000000110000000100100000000101000
0010110000000111000000101100000000110000001010000000001000000010
0010000000100000000100101000001000000001001000000010000000010010
0101000101100000100001010011001000001000010101110010000000000101
0000001100000000000100000011000000000001000000110001000000010000
1000000101000101011001000001010000010110010000010100000101100000
0000000101000000000000010011010011001001000000010100000000010000
1000100010100000100010101000101000101000101010001010100000001000
0001000100000010000000000001000000000000000000110001101000000000
0010101001001001000000101010010010000000011010100100000000000010
0001001101001000000010010000110000000000000100010000000000001000
0000010101000000010001000101010000001100010001010100000101000100
0001010001010000010100010100000100000100000001000101000001010000
0000001000000100001001010010011001000010000100100010010000000001
0000000000000100010000010000000111000100000000100001000001000000
0001001010011100001000010010100111000010000101101001010010100001
0000000100010001101000000001000100011010000100010001001100100000
0010110001100000000100101100011000000000001011000111100000010010
0010000010010000000000100000100100001000001000001001000000000010
0010110000011011010100001100000111100100000011000001001011010010
0010000000010000000000100000010100000000001000000010000000000000
1010101010101110100010101010101011101000101010101010111010011010
0000001011000001000100000011110000011001000000111100000100000100
0001010000001100001000010100000011010010000100000001010000100001
0000000100001101010000000000010010010100000000000000010100000000
0101010101100001010001010101011000000100010101010110000001000101
1000000010000010100010000000100000101000100010001000001000001000
0010110000100000000000101100000000000001001011000010000010000010
0001001101010100000000010011000111000000000000110000000001000000
0101010100010000001001010001000100000010010100010001100000000101
0001000001100001011000010000011100010010000100000110000100100101
1001001001001001000110010000000011000101100100100100001101001001
0000000000010000100100000000000100001000000000000001000000010000
0110010100000010000101100101000001100001011001010100001010010110
0000010000000000000100000001000000100011000000000000000000100000
0100010000100001001101010000001000010000010001000010000100100100
0001001100100000000100000011001000001001000100110010000000010001
0110010000000001001001100100000000010010011001000000100100100010
0010000000100010000000000000001000110000000000000010001100000010
1001101010011010011010011010100010100000100110101000001010101001
0100010110010100100000000100100001000000010001011000000100000100
0110110101000000011101100101011001000101011010010110000001010010
0100000010100000100001000000100000001010010001011010010001000000
1100001111000001001011000011100000010010110000011110000110101100
0000000100001000010101100001100001000100000100000001000010010001
0100000000100011001001000100011000110110011000000110101101100110
0000000000001111001000000000000011010000000000000000110100000000
1110101011100000011011101010111000000110111010101111000011101110
0001000100000000000100010001000000001001000110000000000000010001
1000000010000110000100000010100001110000000000101000011100000000
0000100000011000101000001000000100001110100010000101000001100001
1010010010100011001010110100001000001011100000001010001010101010
1001001000001101000010010000000011100010100100000000010100001000
1001100010100010000110000000101000000001100010001010000000011000
1000000001100000000010000000011011011000000000000110000000000000
0001000000000001010000000000000000010000000100000000000011000000
0001000000000000001010000000100000001000000000000000000000000000
0001001100000000001000000010101000010010000100101010000000100001
0000010000001100000100000000001000000001010000000100000000000100
1000001100000000000101001000000000010010000000100000000000001011
0000010010100100100000000000000001001010000001001000010000000100
0000000001010010101010000010001000101000000000000000000010000000
0001000010100100000000000000001001000010010001001010010000100101
0000000110110100100000010010111001000001000100011010010001010000
0100000000010000001010010000000000000010100111000000000000000001
0000000100001000010000000000000000010000000000000100010000000001
0001000001000000010001000000000000000000000000001000000000000000
0000101001001000000110001001010010001001100000100100000000000010
0000000000000000000000000100000000000000010001000010000100100001
1011101101111000101010111010010110001010110110110101000000101111
0100000000000100100001000000000000000000000000000000010000000000
1010000001000100100100000010000010000100000000011000000010000101
0000100001000000100010001010010000001000000000100100000000000000
0000000001010000100000000000010110001000000000010001000000000000
0000100000010001010010000000000100010100010000001001001000011000
0011100000001010100000100000010010101000001010010000001000000110
0000000100000100000001000000100000000000000000000010000000000100
1000100000001010000010101100000010100000101000000000001000001010
0000001000000000001000001100010000000000000000000100001000100000
1010000101011000000110110011010110000001000100010101000010011001
1000000000101000000100000000011000000001000000000110000000000001
0100100100000000000000101000000010000001010111010000000100000110
0100000000000000000000000000000000000000011001000000010001000110
0000000000000010000100000000000100100000001000000000100000000000
0000100001000100000100000000011001011000000010000110010100000000
0001011110000000001000010011000001000000010100110000100000010101
0010010000000011000001001000000000010000000001000000001000000010
0000000000000110000000000000100001110000000000000000011110010000
0000000000100001000000000000001000010000100000000010000100000000
0100000001100100000000010001110001000000000100001010010010100000
0000000000000010101000000000001000101010000001000000001000100000
0111000110010001000100000101100100000000001101010001000001000111
0000100010000001010000001000000001011100000010001000010101001000
0001000100010000000100110000010100001001001100000101100010010010
0000000010000000000000000010100000000000000000100000000000000010
0000000010010000001000000111100000000010010000011001000010000000
0101000000000000000010010000000000000000000010000000000000000000
0100001000010100000001000010000000010001010001001000000000000000
0000000001001001100000100000010010000000101000000000100100000010
0000001100000100010010000000000011001000000000000000110000010000
0000000100010100000000000001000001001100000001000000000001000000
0000000000011000010000010001000101000100000000000001000001000000
0000001010000000010000001100100000001000010000001000000000000000
1010001000010010100000000000000100101100000000000101001010000000
0100010000000000000001000100000000011000000001000000000100000100
0100000010011100110100000000100110001100001000010000100011000010
1000010000000000001010000100000000000000100101000010100000001010
1001101100000000000010000000000000110000000000000000001100001101
1100001000000000000000000110000000010000000110010000010000001101
0000000100101010000000000000000000001011000000000000010000000000
0000000000000110000101100100000001100101010001000000011001010110
0000001000000100010000010010000101000100100000001000110000000000
1010000000100001000000000000000000010000100000000010000100011001
0010000000011001010100000000000110010001000000010001100110000010
0000010000000000000000000010000000000000000010000000000100000000
0000000000001010010000100000000100110000000000000000101000000000
0001000000100000001000000100100000000001000000010010000000000000
0010101010000000000100000010100000100100001000100001100001001010
0000000000000000000000000000000000000000000010000010010000000000
0100000010011010000000000000110100100000101100111000000001000010
0000000000000101000000000000100000000000000000000000000000000000
0000010000000101100000010000000001001000000000100001010000000000
0000000000011000000000000100000000000100000000000000010000100000
0000010000000110100001010001010100100011011111010100001000000000
0000000000000000000010000000000000000000000000000000000000000000
0000010000000100001000110000100001000000000000001000000000000000
0100000000000000000010000000100010000000000000010000000001010000
0001000000000010000000000001000000000000000000000000100000010000
0000000001000000101000000000011000011000000000000000000100000000
1000100000100010000000000100000000000000000000101000000010000000
0110000000000000100011000000000000001000000000100000000000000000
0100000001100100000000000000101000000001100101000010100000001000
0001000000100000000000000110000000000010010000001010000000000000
0000000100000000000010000000010000001000000000000000000100000001
0000000000000010000000000000000000000011000010100101001000000000
0100000010010101000000000000110000000000000000001001000000010000
0000101000000100000100000010000000000010001000000010000000000000
0000000100000001001000000001000000001000000000000000000000100000
0000110000000000000000000001000000100000000000000000100000000000
0000001000010000000110100000000000001000001000000001000000100110
0100000000111001010000000000100000010000000000000000000000000000
0000100100000000000000010000010000000000000000100100100010000000
0000000011000101000000000000000001010010000000000000010100000000
0000000000010000000000000100000000010010100000010100000000000000
0001000000100000000000000000011000000000010000000110000010001011
0000111100000010000000101001010100101010000000100101001000110000
0000000000000001000000001000100100010000000000000000000000000000
0000000000000000001010100110000000000000010010010000000010000000
0000010001110000010000000000000100000100000000000000001101000000
0001101001010000100001110100000010101000011010010000001000000101
0000000001000000000000001000100000000000000001000000001000010000
0000010100000010000000000010000100010000000000000000000000000000
0000000000000100000000010000110000000000000000001011000000000000
0000001100000000000000010000100000110000000000000000000100101001
0000001001000000001000000000000100010001000000000000000001000000
0000000100000100001000000000010000000000000000000000110110000000
0000100000100000000000000000000010000000000000000100000000000110
0000000100101100000000000000001001001000001000000000010000000001
0000000000001000000000000000000000001001000000000000100000101000
1000000100010000000000000000100001100000000000000001001000010000
0000000000000101010000000000001000001100000000100001010100000000
0100001000000010100000010001010000101000000000000000001010000000
0000000000000000000000000000000010000100000010000000000001100000
0000100000000000000000010000000001000000001000000000001010000001
1000000000101000001000000001000010000000001000000010000000000000
0000000000000010000001000000001000001000000001000000000000000000
1000100000000010011100000000010010000000000001000000010000000000
1001000000001000000010001001011000000000000100100100100110000001
0000000000000010000001000010000001001001000000000000000000000001
1111011100000000001011110011000000000000111101110000000010101101
0001000000001000000010011000000000001000010000000000000000000100
0000000000000101100000010000000000001000100001000000000000000010
0000000000000000000100000000000000000000000010000000000001000000
0000110100100001000001000000000000000100000000000010001000000000
0000010000000000000000000100000000100000000000000000000000000000
1001001000000001010000000001000001000110100010000000010100001010
0000000001000010000000000000010010101000000000000111001000000000
0000000000000000000100010000000001001001000001000010010100000000
0010011100011010100001000000000010001000000000100000000000000000
0000000000000000000000000001010000100000000001000000100000000000
0010000000000000000000000010000000000000000000010000000100000000
0001100010000001000001000001000000000000000100001000000010101000
0000000011000000000000100000000000000101010010000000000000000000
0010000000000000000000000000000010000000000000000010000000000000
0000000000000000000011000100000000000010000000000000000000000000
1000000000000000100100000000010000000001000001010000000001000000
1010001000010000010000000000000000000001010000000000000000000000
0000000000000000000000010000000100000000000000010000000000000000
0000000000000000001000000000000000000000000000000000000000000000
0000100000000000000000010000001000100000000100001011000010000000
0000000000010001000000000010001000010000001010000000000000000010
0000000001000000001100000001001000000000000000000000000000001001
0001000000000000000000000000000000000000001001000000000000001000
0000000000001000100000000000000010000000000000000000010000000000
1000000000000000000010000000000000000001000000000000000100010000
0001000000000000100000000001000000000000000000010000000000010000
0000000100000000000000000000100000000000010001000001000000000000
0000100100010000000000000010000000000001001000000000000001000001
0000100001000000000000000000000100000010000100000000001000000000
0010100000111000000100010000000000000000000000000000000100000000
0001000001000000000000001000001000010000000010000000000000010000
0000000100100010000000000000000000000000000000001000000010000000
0000000000000000000000000000100000000000000001000010001000000000
0000010100000101000000010000010001000000100000100010100010000001
0001010010010000000100000000000000000000001000000000000000010000
0001000000001000000010100001000100001001000100000000000000000000
0000001000010000000000000000000000000000000000000110000000000000
0010010100001000100000000000000000000000000100001000000000000000
0010000000000000000010010000001000000000000000000000000000000100
0000000000000000000000000000000000001000000000010000000000010000
1000000000000000000000100000100100000000000000000000000000000000
0000000001000000000010010000000000000000000101010000000000000000
0000001010000001000000010000000000001100000000000000000000010100
0000000100000000010000000000000000100000000000000000100001000000
0000000100000001001000000001000000000000010000100100000100000000
0001000000010100000000000000001000000000000000010000100000100000
0010000010000000010000000000000000000001000000000000000000011000
0001101100000100000000000000000000000000001000000100001000000000
0000100010000000000000000000010000100000000000000100000000000000
0000000000000001000000000000000000000000000000010000000001000110
0000000000000010000000000000000000000101000000000000000000000000
0000100100001010001010000000001000010000000000000000000001000000
0000100000000000000000010000000010000000000010000110000000000000
0000010100000000100000010000000000000000000000000001000000000100
0000001001010001000100000000000000000100000001010000100000010000
0000001000000001010000000000000000001000010000000000100011000000
0001000000000000000000010100100000000000000000100000000000100000
0000000110010100000000010000001000000000000000000101100000110101
0000101000000100000000000100100000000000100000000100000000000000
0001000100000000000000000001000100000101100000100000010000001001
0000000000000000000000001000100000000100000000000000000000100000
0000000000000000010000000000000000010000000000100000000000000001
0000010010000000100000100000000000000000110000101000000100100100
0000010000000000000000000000000000010100000000000000000000000000
0000000000000000000000000010000000000100000000000000000000001000
0000000000000010000000000000000000000010000000000010001000001000
0000000001000000000000000000000000000000000001000010000000000000
0000000000000000000000001000000000100010000000001000001000000000
0000000010000000000010000000000000000000000000000000000000000000
0000000001000000000000011000010010000010000100100000000000000001
0100000000000000110001000000000000001100000000000100000001000100
0000110000000000000000000110000010000000100000000000100001000000
0000000000011000000000000000000000100000000000000000000000101000
0000010000000010000100000000000010000000000000000010000000010000
0000100000000001000000011000000000000010001000000000000100010000
0000000000000010000000000001000000000000000000000001000000000000
