0010011000001001101111111000000000000000010100000000100000001000
1001110011000011000000000001001110000000101100000000001000000000
0100000100000000001001000100100100000010000001001000100110100101
0100110001000001010101000000000001110101000100010101110111000001
0100000001000101100100011000000000000000000100010100000000010000
1001000001100000000100000001011011010110010000010100000001000101
0000000010001010000000000001010000001000101000000010000000000000
0000000110100000000100000000100000000010010001000000100010000000
1010100000100000011010000010110000100000000000000001010000000101
0001001100111100000001010000010000001000010001100010010000000000
0000001000000100001000000000000010000000000010000000100000001010
0010000000000000100000000000000000001010011010000000000000100000
0000000001001001001010001100101000000000000000000000000010100000
0101000000010000000000000000010100100100000001000000000000000000
0000010000011100110010000100111100100011000000000100001001011000
0000011000000000000010001001010000010000101000110110000000000000
0000000010100010000010000000010010001010111010100010001000101000
1000101010110010101010000001000100100000000010100000000010001110
1000000100100000001000001000100000000001000011000000001000101010
0100010000000001010001000000000000100101000100000010000100010100
0001000000001101000000001110010000001001000000010110010001000000
0001010001000001100000111100000000000001100001011010001000000000
1000000010000000001010000110101011000010001100000000000010000010
0000000010001100001010000001000001010000000000000000000100000000
0100011000000001011111000000000001100100000000010000100110000100
0100000000010100000000010000000100001000000001100000011100011000
0000000000001110000011100000000000011001011000000000110000000000
1001100110000000000000000010000010000000111100000000000000100001
0000110100100000000000000000100100000010010100001001100110000101
0100010101010101010101000100000101010101000000000101010100010001
0001000001000000000100010000000000010000010001010100101000000000
0001000000000010000000010001010000000000000000010000000000100000
0001000010001000000000000001000010000000000001001000000000100000
0000000111000000001001000001100000000000000000001000000010001100
1110101010100000000011100000110000010000000000000000110100000101
0000010100010001000000011000010100101000010001000000001001000001
0000000000001000001000000000000000000001000000001101000000001100
0010000000001000000000000010010010000000111000001010000000000001
0010100000000001101100001010101000000000000000000000000000100010
1000000100100000010101000010100000000000000000001000000100010101
0000010000001101000000000000000100100010000001010100000000010000
0000011000010100010000010000000000001101100000110110010000010000
0000000010010000000000000100110100000010000010101000000000000000
0000000000001000010010000001000010000010010010000000000010100010
0000000000000010000010000000001000010000000010100000000000100000
1000000100000000000010100010000000101100000000100000000000100000
0000010000010001010000010000010000000101101100111110010101010000
0100010001000001000000010000000100000000001110101010001010000000
1000000000000010101110000000100000010000000000010101000010000000
0010000000000100000101000000010000000000000000000000000000010000
1000110110000010000011100000000000110000001000010000000000000000
0100000000010000010010000000000100001000101001000000010000001100
0000000000000000000000100001000000001000010001100000000000010000
0010000000000000010001000001001001000000010100000000000000000000
1000100110101001101010100000101010000010010100000001100000100101
0000111100000000000001000000001001010101000001010110000100000100
0000000001000100000001010000100000000001101000010000010001000000
0110001000000000000000100000000001000001000000000000000011000011
0000000000000000000001000000011010000000000100001001000010001000
0000100101100010000100000000100010100000010100001001000000000001
0100001000000010100100010001000000010100000000010100010000000000
0000100100010001000000110000010100001001010011100000010000100000
0000000000000000000000000000001000000000101000001010000000100000
0000000001000000101000000000000010000010010010001000000010010001
1000000000100000000100000010000000100000100000001000000010100000
0110100000001000001010000010000000000000000000000000100010100001
0100000000010000000000000100000000000000100000000010000000010100
0000011001010100000001000001000001011001101000110010001000000010
0001000010101010000000010000010110000000000000101000001000010000
0000001000110001000010000000000100100000010100000001010010000001
1000000010000001000000000000000000000000000000000000000000000101
0100000000000001000000000000010100100000001001010001000000000000
0100011000010111010001010000000001011101101000100010001001000000
0000000100010000000000000100000100100000000110101000000100101000
0000000000000010101000000001000000000010001000001000000110000010
0110100001000000010000000001110001000100000000001000000100000000
1000011000001010000111000100001001111101001001000100000001001000
0000001000000000000000100000000000000000010001000000111001011000
0000010001010100000000000100110000100100000010100000000000010001
1010001001000000000101001000000011000000011001000000000010000000
0011000100000000001100000001111010000000010100000000000010100101
0000000100000001010110000000000001110100000000010010001001000000
0000000001000100000001011000110000001001000000010000000100000000
0010000000000100110000010100000100000001010100001000000000000100
0000100010000000100000000000000000000010000000000000000000000000
0010100111100010000100010001100010000000000000000000000000000100
0000001000001000000000000000000000000000000001000001010010000000
0010000000000000000000000000000000100000110001000100010000001001
0000000000010110000000000000000000101010101000000000000000000000
0100000001100000100000000000000000000000010010000000000010010100
1000000000000101000000101000000000100000000000000001000000100100
1000110010001000100110000000000000000001000000000001000000000100
0000010000000001000010100000000000000000000000000010001100100000
0000001000000100000000000000000000001101001000010110101001000000
1001000000100010001000000101010010000010001110001000001010010000
0100001010111000100010100000001010010110000000000000000010001001
0000010000010000000000001000000000000000000100100010000000000000
0000010100010100000001000000001000110000000000000100000000000000
0100010000001001101000010000000001011101100000010000011100000000
0100100000010000000000000000000100100000001000000010000000001000
0000000010000110101000000100001010000000000100001000000010000010
0000000101001001001000001000100000000000010100010001010101000001
0001010000000000001010000000000001010101000000100110000000000000
0100000111100000000000000000000000000000000001010010011000000000
0001000000010100000000000100010000000100000100110000000010001001
1001100000000000001000000000100010000000000100000000000000100000
1101010111101000000000111011010110100010000010000000000010110001
0000000100000000010000000000001000010000000000000001000100000001
1011000000000100000000011100110000001001000000010000110101000000
1010000000000000101000100000001000000101010000000101010000000100
0100000000101010000000000000000110000000100000000000000000000010
0010100001100000000100010011000010000010010011100000000000000000
1000100000001000100100000010000000000100000001010001100000000001
0111100101000000000000010000010100100011010010100010000000000000
0000000000000010000001000000010000110000001000100010000000000000
0100000001100000000000000000100100000010000000101000001000111000
0000000000000000000000001000100000000001001100000000000000100000
1000001000001010100011000000001000000000010000000000000000000000
0100000000010010000000000100000001011000000000000100011010000100
0000001000001110011010000100000000001001000100011100000001000000
0100001010010010000000000001010000000000000111100000010000000000
0100001010001000100010100001100010100000001000000000000010100001
0000000001000011000001000001010001000000101000000000000001000000
0000000000000000000000000000000001010000000000001001001100000100
0000010000000110000010000000000001010001010100000101000001000100
0010000010110000000000000100010000000001000100100000000000001000
0000010000000100000111000010000000000001000000000000000011000000
0010100000000000011000001110100001000100000000001001000110000101
0000010110000000000001000000000000010000100000000001000000000000
0000000000100000000000000000010010000010010001010000000000000101
0101000100000100000000110101010100001100000001010010000000001000
1000000001001000100111000001001010000000100100000000100000000000
1000100000000000000100100000101010000010000110100000100010000001
0010010000000000000000001100000001101000000000000001000000000100
0001000100000100000100000000010000000000010001000000000001010000
0000000000000000000000100000100000010100000000010101000001000000
0100000000010010000000000000001100000100000110010000000010000010
0000100000100000000000100000010000000000011011100000100010010010
1000001000000100100100001001100010000000000010000000110000010000
0011101101100010000000000000000100000000010010100000001000001000
0000011000010001000000010001000000000000000001000010100000100000
0000000011010000000000100001000100000000010010001000010000000000
1000010000000100000011000000101001010000000100000001000000100000
0000101010001000101111000000001001010000000000000001001000000000
0000000000010100000000000000010000001000000000000000000001010000
0000000000000100000010000000000000000001100000010100000001001000
0001000011000010000000010011000010000010000010001000100010000000
0001100010010001100000100011000010001100001010000010000000000000
0000010001001000000000000000000100100010001000000000101000100010
0000000000010000000010001000000001000000000001000001011000000000
0000000000000000001010000100000001010001000000010101000001000000
0000000000000010000000000000000000000000010000110000000000101100
0000010000000100100100000010000011010100000000000000000000010011
1000100000000000000000101010100000000101000100001000000001010101
1000001100000000000010000000000000011001100000000000000001000001
0101000011101000000000100000000000000000010000000010010000010000
0001010100000100010000010100010100000000000000001000010000011000
0010100000000000110000001010100000000000010000000000100000000000
1000010010000000000000101010001000100110000110100000010000010110
0000000100000000010010000000000000110000000000000001000000100000
0011000000000110000000001000110000000000000100010000100001010000
1000000000000000000010100000001000000001000001000101000100010100
0000000100000001101000101001010010000000000000001000000010000000
0000100001000000000000010010000110100010001011100000101000011000
1000100000001000100100001010000000000000000001000001100000000000
0001000011100000000000010000010000100011000000100010001000000000
0000001000011010000010000001000000100000101010000000000000000000
0100000000000000100001100100100000000000000110101000100000000000
0000110000010101100111000000001000010101000100000000000000000000
0010101010001000101010001010101000000000000000000001100000000001
0000000000000000001000100000000100100000000000000100000000000000
0000001000000100000000000000010000000000000000000011110100000000
0100000000010000000000100000000010000000001010101000000000000010
0100000000110001000000100000001010000000000000000010001010100010
0000000101110000000100000111000000100000000000000010001010000011
0000000000000100000000000000000101001001000000000010001000001100
0000010000000000101011000000100001000001000100010000000001000000
0000000000000010000000000000000000000000000000000000001000001000
0000010000010000100101000100010000000000000000000000100000000001
0000000000001000111000001000100000000001010100000000000001000101
0000010000100010000010000000001000110000000000000001000000101000
0000000111100000000000010000000100000000000011000000000000001001
0001010101010101000000010100010100000100000100101000000001001000
0000000000000000100101001000100010000000100001000000000000000001
1011000110000001010100101010000001100010000010000000000010000011
0010000000000000000111001000001001000000100000000000001000001101
0000000101000100000000000100000000000000000000010000100001000000
0000101000000100110000000000100001010100000001000000001000000100
0111000000010000101001010101100000000000010000010000000000000000
0101100001100000000000001000010010001000001001100000100000001001
1000100000000000000100000011101010000000000001000000100000000001
0011000110100000010000010000000000101001000010000000000000000000
0000000001011010000001000000000000001000101000000010100000100000
0100000000000101000000010000000000000010000010000000000000000000
0000010000000100101011001000100000100000000000001000000010100100
0010100010001000001110001010001000110000000001000000100000000000
0100000000010000000010000000000000000000000000000010010010000000
0010001000010100100000010000000100010001000001011010000000001000
0000000001001000100000000011000100000010011010101000000010000010
0001010101010001000001100001000110100000010010000010000000100010
0000000000000000001000000011001000000000000000000000000000000000
0000000000000000000000000000000000000000000000000000000000000000
0000010000000000101011000000000001001000000000010000000101000000
0000000000010000001000100000000100000000000100001000000001000100
1000010000000001100100000010001000010001000000000001000011000001
0000000000000001010000001000000000000000010000000000000000010000
0010000000000000000101000100101001010000000000000000000000000100
0001000101100010000000000100010001000000000001010000010000010000
0001000100110000000000010101010110000000001010101010000000001000
0000000000000000000000000010000000000000101100000000000000000011
0000100010000000101000100010100010000010000010000000000010100000
0000100000000000010010011000101001000000100000000001000000000000
1000000000000100101100000000101000010000000000001000110101010001
0000100000100110000001101000000000010000100001000100010000000000
0100000000001100101000000001000100000000000000000001000000001000
0010000010000000000000010011010010000100001010100000000000000000
0000001000000000000100000001000000010100010001000000111010000010
0111100111000000000000110000110100001000110000100010000000000000
1000001000000000100011000000000000000010000000100110100000000000
0100000000010001100000000000000000000000010000001000010000001011
0000010100000100100010000000000000010000000100001000000000100000
1000110000001000101110000010001000010000000000010101000100000000
0000001000001000000000000000000000000001000000000011000100010000
0000011000001100000000010100000000001001010000000110000001001000
0000000000000000000000000110010110000000000010101000000000000001
0001001010000001000001000101000010100000000110000000000000100000
0100000000000000001000000010000000000000100100000100010000000000
0000010000000010000000000000110000010001001000000000000000001000
0000000000000000001000000000000001010000000000001100000101000000
0000000000100100001001000100000100000001010000100011000001001000
1000000000000001100100000000000000010000000000000000000011100101
0000000000101001000000001100010100000100000100001000000000000101
0000000110100010000010000010101001000001000000000001010000101000
0001000000110000000000000100010101000000100001000000010101000000
0001000001010100000000010000000110001000010000000000001100001000
0000000000000000110001000011100000000000100001000000100000000101
1000010001000001000000100011100000100010000110100000000010010111
0000000000000000000001001000000000000000000000000001000000100000
0000000000000000000000000000000000000000000000000000000000000000
0000000000000000000000000000000000000000000000000000000000000000
0000000000000000000000000000000000000000000000000000000000000000
0000000000000000000000000000000000000000000000000000000000000000
0000000000000000000000000000000000000000000000000000000000000000
0000000000000000000000000000000000000000000000000000000000000000
0000000000000000000000000000000000000000000000000000000000000000
0000000000000000000000000000000000000000000000000000000000000000
0000000000000000000000000000000000000000000000000000000000000000
0000000000000000000000000000000000000000000000000000000000000000
0000000000000000000000000000000000000000000000000000000000000000
0000000000000000000000000000000000000000000000000000000000000000
0000000000000000000000000000000000000000000000000000000000000000
0000000000000000000000000000000000000000000000000000000000000000
0000000000000000000000000000000000000000000000000000000000000000
0000000000000000000000000000000000000000000000000000000000000000
0000000000000000000000000000000000000000000000000000000000000000
0000000000000000000000000000000000000000000000000000000000000000
