0000000000000000100000000000000001100010000000001000001000110010
0000100100000000001000000010000000000100000000000010000000010000
0000000010000000101000010000000000000000010000000000000000000000
0010010100000000000101000000100010000100110000000100100000000000
0100000000100010011100000110000100000100100100000000000000000000
0000000100100000000100000000110000011000000110000000000000000000
0100000000000000000000000010000000000000001000000000000000000000
0000001010000000010010000100000010001010000000001000000000000000
0000000000000000000100000101010000001000000000000101000000000100
0000000000000000010010010001010000000000010010000000100010000010
0000000000000000010000100000111000000100000010000111000000010000
0000000000000000000000000100000010011000000100000000000000000100
0000011000011000100010101000000000000000000000000000000000001000
0001011100010111010101000101100000010000010000010000000000000001
0000001000010000001000000110100001000000000010000000000000000001
0001010100000100001011000000000000010000010000000000000011000000
1000000010001001100010000000000001001000000000100000011000101000
0001000010000000000000100000000001001000000000001000010100100000
0000001001010000000010001000000000000000010010100000000010000000
1000000000000000100000000001000001000100000100000000100000001010
0000000000010000000000000000000000100001000000000000000000000010
1000000010001000000000001000000001100000000000100000000000110010
0100100000000000001000000000010010000000000000010000001000101001
0000000010001001000000000000000000100000000000100000000010100010
1000001011011000100000000000000001000001000000100000010110011000
0100000000000000000000000000001000001000000000100001000000000100
0010000000000000000000000000000001000001001001100010010000100000
0000000100000000000000000000000000100000000001001000001000000010
1000100000100000100000000000000000000000000000100110000000000010
0100010000000100110000000000000110000100000000000000000000000001
0100000000000000000000010100000010010000000100010100100001000101
0000000000010100000000000000010000000000000001001000000000000010
0110000000000010000000000010100010000000000000000000000000000000
0001000000100000101001000000100000000010000000000000000000000100
0011000001000000010000101000000000010000000101010000001101000001
0000000000000010000100010000000000000000000001000000000000010000
1000110000000000000100001000001100110100000100000000000100000001
0000000000000010000001000000001000001000100110000100001100000100
0000001010010000000000001000000001000100000000000000000000000000
0100000001000001000010100000010000010000010000000001000001000000
0000000000000000010000000010000000000000000000010000010010000100
0001010010010010000001000110100000010010000000010000000101000011
0000000000100000000000000000000000000000100000010000001000000010
1000001000000001000000001000001000000000000001001000000000100010
0000001000000010000000000000000000000000000000001000000000100000
0000001001000000000000000000000000000000100001001010000000001000
0000000000000000000000000000000000100000001000100010000000000010
0000000000001000100000000000000000001001000000000000000000100000
1100100000000100000000000000000000000100000000000000000000000000
0000100000010000100100000001000000000000000001100000001100010100
1010000000000000110000000000000001000010010001001001010000111010
0000000000001000000000000000000100000000010000000000100001001000
0010000000000000000000000000000000000000000000000010000000010000
0000100000000000000000000000010000100000001000000000000000000010
1000000000000000100000000000000010001001000000000010000000000000
0000000000000010000100000000000000000100000001000000000000000001
0000000001000000000000000000010000000000000000110001000000000001
0100000010000001000000000001000000100000000001000000000000011000
0000000000000000000000000000010010001000000010010000000000000000
0000000000000100000011100000001000000000000000010000100010000000
0000000000000110000100010000000100000000000000000000000100000000
0000000000000000000000000101000100000000000101010000000000010000
1000010000010000100010000000000001000000100000000000100000000000
0000000000000000001010001100000010000000000100000100100000000000
0000010000001000000010000000000001110010000001000000000110000000
0000110010000101001010000000000000000000010000000000000000000000
0001001000000000011000101000000000000000000000000000110110000000
0000001000001100000001000000000000000000000000100000010000010100
0000000000000000100000001000001010000000000000000000000000000000
0000000010000000000010001010000000110000000010001000010000010000
0001100000000000001000000000000001000000000001100001000000000000
1000010000010100100000100000000000100000000001001000010000000010
0110000000001000000000000000000000100000000000100000000000000000
0000001000000000100000100000000000000001000000001000001000000000
0000010000000000000000000000000010000000100000000000010000000100
0010000000000000000000000010000000000000000000000000000000000000
0000000010010000100100000000000000100000000000000000000100000000
0000000100001000000000000000000000001000000000000101000000000000
1000100100001000100000000000010010100000000000000100000000000000
0000000000000000000100000000010000100000000001000010000000000000
0010000000001000100000000010001110010000001000000000000000000000
0001010000000000010001000000000000000010000000000000000000000000
0101000000000000000000000000010100000000000000000001000000000000
1000000000000000000100100001010000000000000001010000000000001000
0100000000000000001010000000001010000000110000000010000010000000
0000001000000000000000000100000000100000100001010000000000000000
0000000000000010000000100000000000000001010100010000010100000001
0000000001100000000100010011010100000000000100010011100000000000
0100010110000000000000010100110000000100100000000000000000010000
0010000000000000000010001010100000001000001100000000000000000000
0000001001010101000001001000000001110000010000010000100010000000
0001000000000100010000000000000000010000010000000001010101000000
0000010011000011000000110000000100000000000010000000100000000001
0000000011010001000000000000000000000000110000000000000001100100
0000000001100100000000000001000000000010001000000001000000000100
0001010010000000000000010000000000000010000000000000100000001000
1000000000001000001000000000000010000000000000000000000000100100
0000001001010001000000010101000100000010000001100000000100010100
1100000100000000000000000000110000100101000001000000000000100010
0000000000000000000000000000000000000000000000000000000010000001
0000000000000100000000100100000000001000100000000000001000000000
0000000000000000000000000010000000000000100000000000100000100000
1000000001000000010001010000000001000000000000000000000000100010
1000000100101000000000000000000000000001000000000000000000000000
0000000000000000000000000000000000001000100000000100000000000100
1010000100000000100000000000000001101000000000100000101000000000
0000000000100000001000000000000000000100000000000010000000011000
0010000000010001000000001000000000001010000000010000000100010001
0000000000000000100100000000000000001001001000011100000000000000
0000000000000000010100000110001100000000000100010000100001010001
1010000100000000000001000000000000000000000000000010000000100000
0000000000000000010000100000001000000010010000000001000000010000
0000000000000010000000000000010000010000010000010000000100000001
0000000001001000000100010000000100000001000001000010000000010001
0000001000000000000000000001001000000000000000000000010010000000
0000000000000010000000001100100010000000000000000000000000000000
0000001010010000000000000000000000000000000000010001000001000111
0000000000010000100000000000000000001000000000000000000001000000
0101100000010110000000000000000000000000000000000001000000000000
0100000000000010000000000000000000000000000000000000000000000100
0000100000000100001000000101001000000000100000000000000000100000
0000010010010000100000100000000000010000000000001000010001000000
0000000000000000000000000000000000000000000000101000000000100000
0100011000010010010000000000000100110000000000001000010010000100
0010000000001000000000000000000000000000000000001000001000011000
1000100010000000001000000000000000000000000000000000001000000000
0000101010000000000000000001000001010000100000000000000000000000
0000010001000000000010010000000000000010100001000000100000010001
0000000000000000000001000000110000000000000000110000000000010010
0010000001100000000000000010010000001000000100000100000000000000
0000000000001000001000000000000000100000001010000000000000000000
0000000000001000000000000000000010000000000000000000000000010010
0010000000000000000000000000001000000101000000100000001000111010
0001100000000000000000000000000001100000000000000100000000011000
0100000100010000000000000000000000000100000000000001000000010000
0001000000100000110000000011010000000000000000000000000000000000
0010000000000000000000000000000000001000000100000000000110000000
0000001000000000001011000010101000000000000000000100000000000000
0100010000000000010000000000000010000000000000010000000000010000
0010000011010000000000010000100000000000000000000101000010100101
1000000000000100000000000000100011010000100001000010000000000000
0010000000000100000000000000000000000100110000000100100100000001
0000010011000111000000000000000001101000000000000000000000100001
0000011010000000000000001000000000000000000100000000000010000101
0000011000000110000000000100000000001010000000000000010010000100
0000010010000000010000000001100000000000000000000000000100000000
0000100001000000000100000000000000000000001100000000110000000000
0000000000000000010000001000001000000000000000000000010000001010
0000000000000000000000000010001000110000000000000000001000000000
0000000001001001000000110001000000000000000001000000000000100000
0000000000001000100100000000000000100001001010011000001000001100
0100000000000100000000000000101000000000000000000000100000000000
0110110000000000000000000000100010010000000010000000100000100000
0010000000001001000000000001001000100000000000001000001000010010
1000000000010001100000000000000000100010010100100100000000001001
0000000010000000000000100000000000000000101010000100000000000100
0000000000000000100000000000010010000001100000100100000000000000
0000000100000000000000010000000010000000000000000010000000111000
0000000000000000000011000000000000001000001001000000001010100000
0000001000000011000000000001000000000111000000010010000000000000
0001000000000010000000010000000000010100000010000000100010000100
0110010000000110000001000000010000000101000100000000000000000001
0000000000000000000000000100010000010000000010000000000000000100
0000100000010000000000000110000000000000000100010000100011000000
0110010000000100001100010000000000100000010001010100000000000000
0000000001100001000000000000000000000000000110000000100000000000
0000000000000110010011000000001000000000000100000000000100000010
0000000000100000000000000000101010000011100000010000110000000100
0000000000000000110000000000000001000001010000000000000000000010
0000010011000000010000101000001000000001000000000000100010010110
0000000100000000000001001010100000000000000000000000000000000100
0010000010000001000000000000100100010000000000000000000100000000
0000000000000000000100000100100000000000000000100100000000000000
0000000100010000000000000000000000000000000000000010010100000000
0110000000001000000000000000000000001100000100000000000000000000
0001000001000000100000000000000000000010010001000001000000010001
0000000100000000000000000000000000000000001000000100000000000000
0000000000000000000000000000000010000101100000000010100000000000
1100000000000000000000001000000000000010101000010000100000000000
0000010000000000010001000000001000000000001010000000000000000000
0100000000000000000000000000000100010010000000000000000001110010
0100000000000000000000000010000000000000101000000000000000001000
0000000000100000000000010000000100000000100000000100000000001000
0000000001001000000000000000000010000001000000100110000000001000
0010000000001000000000000000000000000100000000000010000000000000
0100100000001100000000000001000000001000000001000000010010000000
0000000000000100000000000000000000100000000100001001100000001001
0000000010100000011000000101000000000010000000101000000000000000
0010100100000000000000000010000000000100000000000010100000000000
0000000000001001000000000010000000000000010000010001100010000000
0001000001000001100100011001000000010000000000000000010000000000
0000010000000100100000000100000100000001011000100000000000110010
0000110000000000000000011000000101000000000000000000000000101011
0100000000000000001000000000000000000000000100000010000000000100
0000000000000000010100000000000000001000000000000000000001010001
0000001011000000000100000000000000000000000000000000000000000100
0000000000000000010000000000001000000001000010000000000000000000
0001001000010100001011100000001001000010010000000000000010010000
0000000100000000001000010100010000000100110000000000000001000000
0000000010000000001000000000010000000000000110000000100001000000
0000100000000000000000000000001000000000110000000000000100000000
0000000011000100000000000100000100000010010010000100100000000000
0000000010000000000000000000000001000000000000000000000000010000
0000000000100000001010100000100010001001000000000000000000000100
0000000000000000010000000001000000010000000000000000000000001000
0000000100100000000000000000000000000000000000000000000100000000
0000000000000000100000000001000001000000010000000100000000010000
0000100100000000000000000000000000001000000100000000000000000000
0000000000001000000000000000010000000000010110000010000000000000
0000000000011000100000000100010000100000001100100010001000100010
1010000000000000000000000110000000000000100000100000000000000000
0000000011010100000101110000000100000110010010111000000010100000
0000000000001000000001000000000000000000001100010000000000000001
0000001000000000000000000000000000000000000001000001000000000000
0010000000000000000000000000100010000000000010000000000000000000
0001010000000001000000000000001101000010000000010000000010000100
0000000000000010010001000000000000100000000000001000000100010000
0000000000000001000000000000000000000000010000011000000100000000
0100000001000000000000100100100101000000000000000000010010000000
0000000000000000000000000000000000000000000000000000000000000000
0000000000000100010000001000000101000000000000000000000001100000
0000101000100100001000000000000101000000000000000000000000000000
0000000000000000000010000100100000000000000000010000000001000000
0000010000010010001010000000000001000000010000100000000000000000
1000000000000000000000000100000000000100010000000100000100000100
0000000000000000000000000000000000011000000010001000000000000000
0000100000000000001001000000000001000000000011000000001000000000
1000000011000000000100011000000000000000000000001100000000010011
0000000100001000000000000001000010100000000000000110001000000000
0010000100000000000000000010000010000001100000000000000000000010
0000000000000000000000000000000000001000000000000000010000000010
0100000100000000000000000010000000000000000110000000000100001000
0010010001000000101000000000000000010000000000000000010010100000
0000000100000000000000000000000010000000000000000000000000010000
0000000000000010000000100000000010000000001000000000000000000000
0000100000000000000000000000000101000000001001000010000000100010
0010000000001000100000000000000000100000110010000000001000100000
0000000000000100000001000100000000000010000000000000000000010000
0000000000000000000000000000000000000000000000000000000000000000
0000000000000000000000000000000000000000000000000000000000000000
0000000000000000000000000000000000000000000000000000000000000000
0000000000000000000000000000000000000000000000000000000000000000
0000000000000000000000000000000000000000000000000000000000000000
0000000000000000000000000000000000000000000000000000000000000000
0000000000000000000000000000000000000000000000000000000000000000
0000000000000000000000000000000000000000000000000000000000000000
0000000000000000000000000000000000000000000000000000000000000000
0000000000000000000000000000000000000000000000000000000000000000
0000000000000000000000000000000000000000000000000000000000000000
0000000000000000000000000000000000000000000000000000000000000000
0000000000000000000000000000000000000000000000000000000000000000
0000000000000000000000000000000000000000000000000000000000000000
0000000000000000000000000000000000000000000000000000000000000000
0000000000000000000000000000000000000000000000000000000000000000
0000000000000000000000000000000000000000000000000000000000000000
0000000000000000000000000000000000000000000000000000000000000000
