0000100000001000000000000000000011000000000000010000000000000100
0011010000010001001000000010100010000000000011100000000100010000
0000101001000000000000000000000000010010000010001000001001010010
1000100000001000111100100001111001011000100000011100100001001010
0010101000110000001011100000001000010010000010100010001000110010
0000010000000000000010011010011000000000000001000001100000100101
0001011011110001000000000010100000100000000000100000010010010000
0000000000000001000000100000101010100000000000010000010000001000
0000000010000010000001010000000001100101000100000010010000000001
0011000000000000010000010000010010000010000101000000000000111000
0001000000000110100010011000000000100000010000000100010000100100
0011011000010001000000001000010000110000000011000000000110011010
1010000000011000001000000000100100010000001100000000000001000000
0000011000000010000010001000000010100000000000100001000000100000
0000000000000000100110000001000101010000000000010010101000001100
0011000000000110100001011000100100000001000000000001010000001100
0000000011100000000000001000000010000100001001100001000000000101
1000010111001001010100010100110010001000111001011101110000000000
0000100000001001010000000000001000001000001000000000001000000000
0110000000000010001100000000001101010001000010010110101001000000
0010001100000000101010010000000100000000100000001000000000000101
0000001000000001000010000000000001000000000000000000000000000010
0000000010011010000001100010000001000000010010100011000001000011
0000101001011000000000000010001010001100001000100001000000000011
0100001010000010100001010101101101000010100000110111111000000000
0001010100100010000001000011000011000111100000100001101100000000
0001101100001000000000000000001010010000001110000000000100000000
0000010100010001010000001100000010100000000000001000000110000000
0000000101011000000000000000000010000110001111000000000100000010
1000000000010100111100000000111000010010100010001100000001001010
0000001000110001000010000000000000000001000000100010000000110001
0000001000010010000001000000000001000000000000001000000001000000
0001010011111000000000001010000010100100000000000000000010000000
1100010001001000000000000110100010000100010010000000000000000000
1000000010100000001100101000000000000001001000000100000010000000
0010000000000001000000010000000010011010000100011000100000001000
1101000000000101100101010001100000010000010000010000101000001100
0001010000010001001000001000010000010000001010000000000110011011
0110000000010000001000000000010000010000011100000000000001000000
1110000000000100100001010000110000000100000000100000100001000000
1000000000000000000000000000000101000010010000000010101000000000
0100010000000001100101000011011001000001010000010100100000000100
0000000010000011000000001000000010000100010100000001010110000101
0000000001001110010100000101110001000000100101011000100000000000
0000100001000000000101000000000010000000000001000000000100001000
1110000000100000100101000101001101010011010000000100101001000100
0010001000000001001000000000001000000100000000100110000000001000
0000010000000001100000100010000000000000000000000000000000000000
0000000010101000000001101000100000000000010010000000000010000010
0000100011000000011000001000100000011100001000000000000000010011
0000000110000010000000000101000000000010100000010111111000000000
0000111110000111000001000011000010001100000000110001110000100000
0000100000000000000000000000001000000000000000000010001010000000
0001000001011001010000001000010010100000000000000000000000001000
0010000001001000011000100000000000000000001110000000000011010011
0100010000000000110100000000011100010010100000111010000001000010
0000111000010000101001100000000000010000000010100000001000110000
0001000010010000101000011000100000000010000000100000100000010100
0001010001010001010000001000010010100000000000000000000110000000
0001010000001000010000100100100010000000000000000000010110010101
0000000010000000010000000000000000000010000000000000001000000000
0000000001000000000100010000000000001010000000000000000000000000
0000000000000100100100010000010000110000110000101000010000000000
0001010100010001001000000000010000110000001010100000000100011001
1110000000000000001000010000010100010000011100000000000000001010
0000010000000000010000000100010100011001000000001000000011100100
0000001010000000000000010000000000010010110000010010110001000100
0110010000000100100001000000010000100001000001010100010000001100
0000000010100010000000001000000000100100010101000001010100000100
0000000110001100110100000100100000001000010101011000100110000011
0000000101000001000000100001000000100000110000000000000100000000
1110000000000110000101000100000101010011110000010010100001000010
0010001000000000000000000000000000000001000101101000000100010001
0000100000001000000000100000000000011001000010110000000000000010
0000000000000000000000000000000101000110000000000000000000000001
0000110011000001010000001010000011000000001001000000000000100000
1000000010000010000000000101001011000010000000010111101000000000
0001100000101100000001010010000010100101000000110001010000100000
0000000000010000000000100000000001000000000000000000000000000000
0000000000011000001100001100000010000001010010000000010100000000
0000001001001000011000000000001100001100000000001000001100010000
1000100001000000000100100000100000000000100000110000000001000010
0010001000000001001010001011001001000000000000100010100000001000
0001001000000100101001011000000000001000000010101000001000000100
0000011000010100000001000010000010100000000000100000010110110000
1000100000000100000000100001000010001010000000000000100000000000
0110000010100100000000001000010000000000110000000000100001000000
0000100000000000100000010000010100101010000000010000010000100000
0101001000000000100111110001010000100000100100000010000000000100
0001000000010100000001001000010010010000001011000000000101010001
1000000010000000001000000000010100000000011111000010100000000000
0100000000000000000000000100000000000000000001010000000001000001
0000100000000010000000010011000100000010000000100110100000000000
0101000000100110100001010000000000000101000000010000000000001100
0010000000110001000000000010000000000100010000000001010100000000
0000010100000000000001110100010000001100111000000010001000000001
0000000001000001000000000000000000001001000000000000000100001011
0010000000000010000100010000001101010010110100010010100000001000
0100000000100001000100000000000100000001000111000000000000010010
0001101000001001010000000000100000000000000000100100000000011000
1000000001001000000000000000100010100000000000001001000000000000
1000100001000000000000001000000000001100001010000001000010010000
0000001000000010000010000110101011000010100000010110101000100000
0001000000011100000001000110000010000110000000110101010000000000
0000100000000000100000000001001001000000000000000100100000000000
0000000101011001000000000100000000100100000001000000000001000000
1000010011001001000000001000000000000000001000000000001000110001
1100100000000000000100010100100000000011100000000110000001011011
0010010000110011101010000000001000000000000100100000000100110000
0000001000000000000000000000000000000000001001001000000000010001
0001000001011000010000001010000000100000010001000001000110010000
0000000000000000010000001000000000000100000000000101100000000000
0000000000100010000001000000000001000111001100011100110100000000
0010000000000001010000000000000100000011000100011100101100001000
0001000000000100100111010001010000000000110000010110010000000000
0100000000010001010100101000000000010000011010001000000001001011
1100000011000000100000000000001000010000010011000000000010000101
1100010010000000001000100000010000000000000000000010000000001010
0000001100000010000000000001000100000010000000010011100000000001
0000000000000000000110110100011001010001100000000110110001000100
0000000010010001000000000000000001000100010101000000000100000000
1000000010000100000000110000000000000001110001001000100000000001
0000000100000001100100000001001000000000100000000001000000001000
0100000100000010000001000000001001010010000001010101000001000011
0100001000100001100010000000000100000010000010000000000000110010
0000000001010000000000000000000000000000000000001000000000001000
0000000011001000010000000000010000000100001000000000000100000001
0010100101100001001000001000000100001101000000000000000100100000
0000000000100010000010000110100010000010000000110011101000100100
0010100100010110000010110010100001000000100000001100010000100000
0000001000000001000000000010001001100000000010000000000010100000
0001000001010000001000001000010001101000100100001000010100000000
0000000011001000000000000000000000001100001000101000000110010001
1000000000001000000001001000100000001000100000000000000001011001
0000001000100001000000001001000000000000000000100000000000100000
0011011000101000010100000000100100000000000000001000100000000100
0001110000010000000000000000100000000000001001000100010110000000
0000110110001000000000010100100010000000010000000101000000010100
0000000000000000000001000001011101000111110000000010101000000011
0011000000000001101000010010000000001010100010000000001110100000
0000000000000000100011010001000100000001100100011100000010000100
0001010100010000001100000000010000010001011101000000000111001000
1000000011000000000000000000000100001000000101000000100000000101
0000000010000000010000000100000100001100100001000000010100000001
0000000000000100000001000001000000000010000000000000000010010001
0000000100000000000101010101010001000001000000010100000001001110
0000010010010000011000001000000010000000010100000000110000000000
0000000000001000000010100000010000000011100001000010010000000000
0000000000000000100010000001001000100000000000000101001000001000
1000000000000000000000010000010100001010000000011110001000000000
0100000000000000000010000000000100000101000111000000000000000010
0010110000001001001000110100000010000000000000000000000000001000
0000100001111010000001000010100000100100011000100010000000010000
0010100111000001000000001000100110000000001010000000001100000000
1000101110000010000010010000101010000010000000111110100000000000
0000100100011101100000010110000011100000000000000010010000101000
0000000000000100001011000000000000100000000000010000000010000000
1010000000000001000000001100000010001000010001001000100000001000
0000010111001000000000000000000000000100001000101000001010010001
0000010011001000000010010000101000010010000000100010100000000001
0001111000010001000100000000000000010000000000000000001100100000
0111010000101100011000110000000010000001000000001000000000000100
0000010010010000011010001010000000100000000100000000000000001000
0001110101000100000000000011100011100010000000010100000000000000
0000000010000010000001000000100100000011000000000010001010000000
0000000100000001101000000000000000000000000100010100000000000000
0101000000010000100001010000001001110001100100000110000000000000
0010010000010000011000101000000010100000011000000000000101000000
1100000001000000000100000000000100000000010111000000001000000011
0001000000000000000001000010000010000000000000000010000000001100
1000000000000000000001010000000100010000000000010010000010010000
0001000000010000000101110001110001010000000000000101000000001010
0000010000000100000000000100000010000000010100000000010001000000
1000000010001010010010110010100000001010110000000001000000000010
0000000000010000000000000001000000100010100000010100001110000010
1100000101100000000001000100010100010010000000010110100001000010
0000000000100011000000001000001100100001000110000000000011010010
1001110000001001001000100000000010000000000010001000000000010000
1000000011001000000010000000000111000000011000010000010000000001
1010010101000010001000001000000000000100001001000000001000000001
1000001010000010000000000110101000100010000000110111111010100000
0000011000100000010010000110000000100000000000110101010000101000
0000000000000000000001000000001010000000000000100001001000000001
0000000001110000101000000000000000000000000110001100100000001000
0010000111101000001000001000000010001110001000000000001000010001
1100000000000000000010010000101100100000001000101010000000010001
0110010001100000101000000000000000010000000011000000000000100000
0010001011100001010000001000000100000000001000001000000000000000
0000010000010000010010001010000000000101000000001000010100001001
1001110110001000010000010000100000000000010000010100100000000100
0110000000000010100011000000100100000001100000000010110100000101
0011000000000001111000000001011110000011000000001000000001101000
0001000000010000100110010001000001110000000000000101000000001000
0010010001010001000000000000000000000000010001000000000100010000
0110000011100000000000000000001100011000000101000000001011010011
0000110000100001000000001010000100000000101001010000000101001000
1000000110001100000100000001000000000110000000000101000001010010
0101000000010000100100010101011001010000000000010001010000000000
0010010100000100001000101000000010000100010000000000010100000100
0000000000000000100010000010111000000100100010000000000000000101
0000000100000000000100000000001000100000010000000010111010000001
0100000000001010000000010100001001000010000000010110000000010100
0000001010000011000010100000000000000000001100100000000000110000
1001111000001100001000100110000010100100000000000000000010001000
0000000111000100000001001010100000000100000000000000000000000001
0010100101001000000000001010000010001100011011000000011101000000
1100000000100010000010000100101000101010000000100110111010100000
0000000000010110100010011010000010100000100000100110000000101000
0000010000000010000100000010001001100010010000000001010000000000
0000000001010001110000000010000110000001111011000000000000000000
1010010011000100000000001010000100001111011000000000000100000001
0000101000000011100000000000101000000010001010100010000000000001
0010000100100000001100000100000100000000000100100101000000000000
1110010000001100000000101000100100000000000000000000000001011100
0000010010010001010010000010000000000100011000001000010100001000
0000100000001100000000000101000011001010110001000100100000000100
0100000110010010100011000001000101001001100100010111110100000000
0111010000000001101100010001010000011000100110001100010101101000
0001000000010000100000010001010001010000100000000111000000000100
0001010001010000010100100000000000010101010101001000010001000001
1110000011000000000000000101011100010100000101000000100100010000
1100000000000000010000010000000010000100011001001000000000100000
1100001000101000000101000000000000010010000000100000000000010000
0101000000010010100111010001000001010000000000000100000000001000
0000010100010000001000001100000010000100000000000001000101000100
0000000000000000100010000000100000000010100000000010000000001000
0000001010000010100001000000001000100000010101010000001010001000
1100000100000010000100010100010000011010000000100001100000010110
0000000000010011100000100000001000110001000110000000000110110010
1000111001001000001000100100000010000000000010001000000000010000
0000000001010010000001001000101001100000010000000001000010000001
1010100111101000000000000000001010000101011001000000011101000001
1000001010000010000010000110100010101010000010100011101010100000
0001110000010000100000000110000001000000100000100000000000100000
0000000100000100000011000000000000000000000000000000001010000000
0000010000000000100010000000000000000001010011000010010000000000
1010000101101000000000000000000110001111001001000000001110000001
0000000000001001100000000000100000000000000010100010000000010101
0000000000000000000000000000000000000000000000000000000000000000
0000000000000000000000000000000000000000000000000000000000000000
0000000000000000000000000000000000000000000000000000000000000000
0000000000000000000000000000000000000000000000000000000000000000
0000000000000000000000000000000000000000000000000000000000000000
0000000000000000000000000000000000000000000000000000000000000000
0000000000000000000000000000000000000000000000000000000000000000
0000000000000000000000000000000000000000000000000000000000000000
0000000000000000000000000000000000000000000000000000000000000000
0000000000000000000000000000000000000000000000000000000000000000
0000000000000000000000000000000000000000000000000000000000000000
0000000000000000000000000000000000000000000000000000000000000000
0000000000000000000000000000000000000000000000000000000000000000
0000000000000000000000000000000000000000000000000000000000000000
0000000000000000000000000000000000000000000000000000000000000000
0000000000000000000000000000000000000000000000000000000000000000
0000000000000000000000000000000000000000000000000000000000000000
0000000000000000000000000000000000000000000000000000000000000000
