0000100100000000001000011000010110100010001000010000000000000000
0001000000010101000010100011000001010100000111001000001101101111
1000010000100000010010000000000010000100100000001000000000000010
0100000110101010000000000010110001100000000000100100100100010000
0100110000000101100000100001001000000000001000000000010000110000
0000010000001000100000000001000111001001010110010110000100110000
0001000010011000000101100011000001000101010011001010001001111101
0010100001100101101010001001100000010101000000001111100000110000
1000000000000000001001000010101000000000000001000000000000000010
0000100100000011110000010100110110100010101100010101100100000000
0000010000101010010000010100101000001000001111000001000001100010
0000100100001100110100000000010100000000110000000100100111010010
0000000000100100001100010010000000011001010100000000000000100000
0001000001100111000011000011000001000010010010101010001100001100
1010101001000001110001001000010010100000001000010001000000000100
0000000010000001100000001000010110100001001000010010000010010000
0011001000010001000000100001001001100101000100000010001010000000
0001000010001010001000001000010001000000010001010000000010000000
1000100001010000010010101000010000000100100000001001011010000001
0010101100000000110000011000100110110010101000110001100100000010
0100100110000010010000000110011100100000100100110000010000001100
0000000000001101000000010100000100000110111100000110100100000000
0101010010000000000001100011000001000101010011001010001011001101
0101000011010001000011001010010001100100000000001000111010000101
0001001000100010001000110010101010001000000110010000000000101001
0100000011010100000010101000010100000000000010101000110010000010
1000100100000000101000000000100000100000101000000001000000000000
0100000010000100000110100001000000000010010000000000010001011001
1010000101110010010000000000001000010100010100000000000001100100
0000110000001011000101001100000100000000001000010100000100000000
0000000000000001100010110100000000001110000000000001000001100010
0010010000000000000000000010101000001001001110010110000100111100
0001000010010000000101100011000001000101010011001010001001011101
0001000000100101001000000000000000000101000000011010001100110001
0001000000001000000000000000000000010000000000001100000000000000
1010101100100000110000010000111110010010101000000101100100000000
1010010000001010101000000001001100001000001101000000000101100010
1100000001001100010100000000010100100000101000000100010111010000
1000000100000000001001010000100010001000001100000001000000100000
0001000001110110000001100011001001000000010101000000001100001000
0010111000001010110001001000101010101000001010000000000000000000
0100000110000000010110000100000000010000000000001000000000010000
0001001000000000000000100001000000000100000010010010001000000100
0000001000001000000000000000100010000000100000010000101011001000
0000100001000000000011001000010000000100100000001001011010000000
1010101100000000110000011100110110101010101000010101110100000010
0000100000001010000000010101001000100000111000100000010000000000
0001100010000000110000010000000010001100010000010001000000000010
0101010010000000000110100011000001000000010010101000001001101001
0000000011010001000001101010010000000100000000000000111010000101
0001000000100001000001010010000011011000000110000000000000100000
0100000001010001000100000010010001010101000001001100010010001000
1010110000000000000000000000010000100000001000000001000000010000
0000010010100000000100100001010000000001010101101010001001001101
1000010001100000011001000000000000000000000100000000000000000000
0100010001000000000000010000010000000000000011000100100000000000
1000100100000000100110000000000010000010001010101000000000000011
0010010010100110100000000000101100011001001100010110000000100000
0101010010100000001101100011000001000101010011011010001001101101
0000100000010101100001001010000010000100000000001000000111010001
0000000000000000000001101000000000010000001001000000001000000000
0010101000101001110010001000110110000010001000001101100100000010
1000010000100010000000010100101000011000001101010001000101110000
1000010101000100011110001001000100000010000001000100000111000000
0000100100000000101000010000001000101000001100010001000000100000
0011000101100100000110000010000000000001010001001000001000101010
0010101000001010110001001000001010100000000010000000010000000000
0000000000000000100100000000000000000000000000000100100100000000
0011000000000100010001100010001000000000000010000000011001001101
0010000000001000000000000000010000000000000000010001000001000000
1100100001010000010011101100010000100110101000101001011010000010
0010101100000010110000011000110110110010101100000101100110000010
0000001100110000000000000100001001000001111101000000010000001000
0001001001100010000100000000000010100100000000001000100110001110
1101010010000000000101110111000001001001010010100010001001101100
0000100001001000000010001000010000100110001000001000011010000010
0001001010000001100001010010000010100000000110010000000000001010
0100110000010000000100000000010100000110101000101100011001000110
0000000100000000000001000000000000000000000000000000000000000000
0000000010000100000100110111001001000001010001101000001001011001
0000000010101000001001010001001000001000000000001000000000000000
0100110000000100000000110000100000011000110000110101000000000000
0100000000000000100100000100001000101010001000000001000100010010
0001000010000001001000000000101100011001000100010010000101111000
0101000010100000001101100111000001000101010011001010001011111101
0011100000000101000010101000010000000100000000001000000100010010
0100100000000000001001001000010000000000000000000000000000000000
0010101000010001110000000000010110100010101000000101100100000010
1000000000100010011000010100101100001001000110010110000101110000
1100010101000000011100000000001101000001100001100100010101000000
1000000000000001011000010000001000001000000110000010000000100000
0100000011000000010000000011001010010001001101000010000001001100
1010101001001000110000001000000010110000100000000001100000000000
0000000000000001000000001000010010000000000010000000010000010100
1001000000000000100010000011000001100001000000000010000100001000
0000001000001000000001000000000000000000000000010110100011000000
1000100001010000010011101000010000100110100001000001010010000010
0010101001001000110000011000100110110010101000000001100100000010
0100001100010000000000000101101000000000100101000000000010001000
0010000000000000010000010100000000100000001100001010000000000010
1000010010000000000100100111000001000001010010000000001001000000
0000100010010000000011101000010000100110001000000000110010000110
0000001000101000000001110010001010001100000110000010001000100000
0110100000010000000000000000110000010000000000101000001010000100
0000000000010000000000001100000100000100000000010001010010000000
0100000010000000000100110101100001000001010001001110001001010100
0000011101111010001000010000001000011010001011000000000011100000
0000000000000011101100010100010100000000101000000101000000000010
0100000000000000001110110100000000000000001010000000010000100001
0001000000000000101000000000101100011001010110010110000001110000
1000000110000000001101100011000001000101010010000010001001011101
0010000000000001000000000000010000001100000000000000000001110000
0000000000000000000001000000000000000000000000000000000000100000
0010100000100101100000000000100110100000101000000100100100000010
1010010000100000001000000101100000011000000100000101000000100000
1000010101000100010110000000010100000000010000100100010101100100
1000000001100001110010010000001000000000000100000001000000000000
0000001001010100000010000010000001000000000010000010000100010010
1010101001001001110000000000001110100000101100000001000010000010
0100000000000001000000001000000010100000000000000000000010001000
0001101000010000000000100000000001000100000000001010001101001000
0000001000001100000001000000100000000000010000110000100000011000
1000100100010000000011101000010000100100000000001000011010000011
0010101000001000110010001000100110110000101000000001100100000010
0100001100101000010000001001011000110000000101000000000000001000
0001100001000000100000000100000101001000000100000000100000001000
0100010010000000001100010101000000010000000000100000000001100001
0100000001010100000001101010010010100010001000000000011010000101
0001001010100000000001110010000010000000000110000000000000001001
0001000000010100000000000101010001000000000000101010000100001100
0010001000000000001100000101000000000100000000100000000010000001
0001010110000000000100110001000001001001010011000010001101001100
1000011100000010011000000001000000000001001111000000001100000100
1000110000000000000000000000000110010000101000100000000000000000
0000100000000011010100101010000000001111100000000001000000110000
0001000010100000000000000100100100001001000100010110100001100000
0001000010100001001101100011000001001101010000010010001001001101
0000001000100001000010100010000010001110000010001010110000010000
0100001000001000000010000000100000000000000000000000000000000000
0010101000010001110000000000000110100010000000000100100100010010
1010010100100000011000010001101000011000000101000101000101101000
1000010101000100010110000101000100000011010000100101110101000000
0000001001100111001000010000001000000000000100000101000000100000
0001010010100100000000010010000001000000010000001000000100010010
0010101000001010110000000000001110100000000000100101000010100000
0100000010000000000100001010000010000001000000100000000000010000
0001000000011000000010100000000001000001010011000010010010001100
0000001010111000000000000000000000000000000000010100000000000100
0100000101000000010011100000000010000110100001001000011010000011
0000111000000000110000011000101110110010101000000101100100000010
0000010100000000010000011101101000110000010001000001001000000001
0000100000000110000000000000000100001001010000001000101000000110
0000000010000000001101001110000001000000010000011000000001000100
0100001100000001000011101000010111000110000000000000011010000101
0000001010101011000001010010000010010100000110001000001000001011
0000000000000010000100001000000001000011000000000100000100000100
0000001000001000001000100000001000000000000000000010000010000000
0101010010000000000100110001000001000001010001000000001000001111
1000011100111000000000000100000000010011010110000000000001101000
0000010001000100100000001100000010010000100000101001000000000000
0110010001100001001000111001010000000110000000000000000100000000
0010001000100000001000010000101110001000011100110110100000110000
0000000110110000000101100111000001000101010001000010001001000001
0000000010000101100001000000000010001101000000000010010001000010
0000001000000000000000100100000000000001000001000000000000100000
0010100000000111110000000000000010010000000010000000100000010001
1010000110100010011000010001100000011000010101000111000001000000
1100110101000100010110000101000100000001000000100100010101000000
0010001000101011001000100000000000011000000110000101000000000000
0100000010100100000100000010010000000000001001000100000000010110
1010101000001001100001001000101010100010000000000001100000100000
0100000000000001000010010000000100000000000000000110010000010000
0011000000000000000001000010001000000000000011000000000100001000
0000101010001100000000000000000000000000010011111000101000001000
1100010001010000010011101000000000000110100001001001010010000111
0010111000001110110000001000100110110010001000000001100100000010
1010000000000010000000001000101101110000100111000000000000000001
0101000100000100000100000011010100000000000000001000000000010000
1000000110000000001101101011100001001000100010100000000000000100
0000000001000000000011000000000000000110100000000000011000000101
0000001010100010000001110010000010100100000110001010000000001001
0000110100000000000000000101000001000001000000011000000001100100
0010000000000000000000010000000000010100000000000000000000010000
0101000110100000000100010101000000000101010001000000001001011101
1000010101110000000000000101101000011011011001000000000001100100
0100100010100010000100000100000110001000101000100001000000000010
1011000100000001001000011000000100000000001000000000000000110000
0011001010100001000000010010100000010001000100010110000000010000
1000000110000000000001110011000001001101000000000010001001110001
0001000010000101001100010000000000000100000000000000011101000100
0100100000001010100001000000000010100001000000000001000000000010
0010100000011101110000000000011110100110000010000101100000000000
1011000001100010011000010000100010000000000100110110000100100000
1100010101000100010100001101000000000011010000100101010101100000
0010001010001001010000010000000000100000010010000010000010010000
1000000000000100010000000011100000000011000000000000001100000111
0010101000000000101000000000001110100000000010000001110010100010
0000100000000101100000001000010000000000000000000100000000010010
1011001000100010010010100011001001001101010010001010011010101101
0000000010100100000001100100010000000001000100111010001001010110
1000100101000000000011101000000000100100000000000001011010000011
0010100000000000110000001000100110110000000000100101100000000010
0000010000000000000000000001100000000000010010000001000000000000
0001000000110100000000000110000001000010101100101000010100010000
0100000011000010000110110000000001000000100000100010000000000000
0100100000000100000001101000000111000110100000000000011000000101
0000001010000011001001100010001010000100000110001000100000000001
1101010100000000000101001100010101100000000000011000000001000010
0000001000000000101000101100000000100000000010000000000000010000
0100000110000010000100010111000000001000110001000000001001010101
1000000000010010001000010101001100001011000111000000000001100001
0100010100000001100000000000000110010000100000100101000000000000
0110000100000000001010010010000000001100001000000000000000100000
0011001010001001001000010010100000000000000110010110000001010000
0100000110000000001101100110000001000111010000000000001001110100
0001000010010001000001000000010001000100000000100000100100001100
0010000000000001000010001000010010010000000000000000000000100000
0011000000010001110010000010011010100000000100001001100000011001
0011000010100000011000010010100000000000000011000111000101000001
1000010101000100010100001101000001000001000000100100010101000000
0000001010101001001000000010000000000000010110000011000010000000
0101110101101000010100000010000001000000001100001000101001000100
1010101000000000100011000000001010110000000110000001100000100000
0110100000000000000000001000010000000000000000100100000010010000
0001001000010100000010100001000001000101000011001010110000001100
0001000010010111000100000001000000010001010001010000100001010100
0100110100000110100011101000000000001100110000001000011010000001
0010110000001000110000000000111110110000101010000001100000000000
0010000000000000000000001000100001100010001011000010000010110001
0000010100000100010010000110000000000001000100100100100000010010
1000000111000000000001111000000000001001100000000010000000100100
0100000000000000000111100000000000010001110000000000011000010000
0000001010110000000001100010100010000100001110000010001000100010
1000010100000000000110001100101000011001101000000000000001101010
0010000000000001100000000000000010100000000010000001000000100000
0100000110000100001100010101000001001111011000010000001001000101
1000010100101010000000010101001000011010101101000000001001100001
1100010100001001100000011001100110011000101000010101000000000000
0000000000000000000000000000000000000000000000000000000000000000
0000000000000000000000000000000000000000000000000000000000000000
0000000000000000000000000000000000000000000000000000000000000000
0000000000000000000000000000000000000000000000000000000000000000
0000000000000000000000000000000000000000000000000000000000000000
0000000000000000000000000000000000000000000000000000000000000000
0000000000000000000000000000000000000000000000000000000000000000
0000000000000000000000000000000000000000000000000000000000000000
0000000000000000000000000000000000000000000000000000000000000000
0000000000000000000000000000000000000000000000000000000000000000
0000000000000000000000000000000000000000000000000000000000000000
0000000000000000000000000000000000000000000000000000000000000000
0000000000000000000000000000000000000000000000000000000000000000
0000000000000000000000000000000000000000000000000000000000000000
0000000000000000000000000000000000000000000000000000000000000000
0000000000000000000000000000000000000000000000000000000000000000
0000000000000000000000000000000000000000000000000000000000000000
0000000000000000000000000000000000000000000000000000000000000000
