1001000110000000000111000001101010000001100000010000000000000000
0000000001110000110100000000010010000101000001000000000000000000
1000011000100000000110000110001000000001100001100000000000000000
1001011010001000010010010100100010100000100101100000000000000000
1101010000101100000010000000001001000000110001000000000000000000
0000100010011010101000000010100110101010000000100000000000000000
0001000101010000010000010001010100000100000101010000000000000000
0001011101100001011000010111011100010110000101110000000000000000
0100000100001010100001100001000000101000001000010000000000000000
1000000110001010000010001001100010100100100010010000000000000000
0000011010000000010000000100100000010100100001100000000000000000
0100000000101100000001010001001011000010010100000000000000000000
0000000100101000001010000001101010000010000000010000000000000000
0010100001010001011000101000010100010010001010000000000000000000
0010000100000011000000100001000000110000010001010000000000000000
0001010000000101010000010100110000010100010101000000000000000000
0000010100000001000000000101000000010101000000000000000000000000
0000100010101100101000001000101010001010000010010000000000000000
0010010000000011000000101100000000000000011000000000000000000000
1000000000101010000010000000001010100100100000000000000000000000
0000000010000001110010000000100000000000000000000000000000000000
0000010001000101010010000100000001010100000001000000000000000000
0000000000010100010100000101000001000001000000010000000000000000
0100001001010010001001000010000100100010000000100000000000000000
1100010000000010000010000100000000100000110101010000000000000000
1100001000010100000111000010000100111001110000000000000000000000
0001101000010001000100001010000000010001001110100000000000000000
0000000100101100011000000000001011000110000000010000000000000000
0000000000100001100001000000001000011001000000000000000000000000
0011010100101100000110110101001011000001101100010000000000000000
0000100000000000000100000000001000001000000000000000000000000000
1110100010100010101011101000101010101010111010000000000000000000
0000100100000011110000011001100000101100000110000000000000000000
1000001000110100000111000010000101000001100000100000000000000000
1101010000000100010010010100000001000101110001000000000000000000
0001010001010101011000000000110101010110000000000000000000000000
0010100010000000100000101000100000001000001010000000000000000000
0010000000101100001000100001001011000010001000000000000000000000
0100000000000011000111000000000100110001010001000000000000000000
0000000001010001000100000100010100010001000001100000000000000000
0001000000000000001000010010000100000110000100100000000000000000
0001010110010010000010010101100100100000110101010000000000000000
0000100100000000000100001000001000100001000010010000000000000000
0010000101100111001000100000011001010000001001010000000000000000
0000100000000100000000000000000000000010001000000000000000000000
0001001101000100001000010000010000001000000100100000000000000000
0000000100010010001000001001000000100010000000010000000000000000
0000001001100100000000010010011001000000000000100000000000000000
0011000010110000001000110000001000000010000100000000000000000000
1000100010011010100110101000100110101001100010100000000000000000
0000000001000101100000001000010001001000010110000000000000000000
0100010101100101111000000111011000010110011001110000000000000000
0000101000000100100001001100000001011010000000100000000000000000
0001001011000001101000010010110100011110000100100000000000000000
0000010001000001000011000100001100010001100001010000000000000000
0011011001100100000000110110011000000010001101100000000000000000
1111000000000000000011100000001000000000011100100000000000000000
0000011011101010111100000110111010101111000001100000000000000000
1000100100010000000000001001000100000001000010010000000000000000
0110000000000010100001100100100000101000001000000000000000000000
0000101000001010000110000110000110000000000001100000000000000000
0010001010100100001000100010101001000010000000000000000000000000
1111000010010000000011010000100100000000110100000000000000000000
0010000110000000101000000001100010001000000100010000000000000000
0001100010000000000010011000100000000110100010000000000000000000
0000010100000000000000010100000000001010000001000000000000000000
0000000000000000000000000010000001000000000010000000000000000000
0000000001010011101001000000000000111000010000100000000000000000
0000000101000000001000000000100010000001000000000000000000000000
0000000000010001000000000001000110010010000000100000000000000000
0100100000000000101001001110000000001010000000100000000000000000
1010111000000000000010000000000000010000000001000000000000000000
0100001000010000100001000000010100011010010000100000000000000000
0100000000000010101001000001000000111010010000010000000000000000
0000000010010000000000000010001010000010000000100000000000000000
0000110000000000000000000001000010010000010000000000000000000000
0000001000010100010000000001000001101000000000010000000000000000
1000100110100000010110011001101010010100100110010000000000000000
0001000001000000100001000000000000000000010100000000000000000000
1000101011011011010110001010100110110101100010100000000000000000
0000001000000001000001000000000000000100000110000000000000000000
1000100000000001000010000001000000000000000000000000000000000000
0000100000001010010000001000100000000110000010100000000000000000
1000100010000000000010001000000000000000100010010000000000000000
0000000010000000000000000000000010000000000000100000000000000000
0000100000100000000010100000101000010000101000100000000000000000
0100000000000000000000000000010001010000000000000000000000000000
1011010100100000000010110100101001000000101001000000000000000000
0000100001000100000000000010100000100100000000000000000000000000
1000000110000010010110000001110100110100100000010000000000000000
1000000000000010101000000000000000101110000001010000000000000000
1000000011110000000010000000011000010001100000000000000000000000
0000010000101000000100000010010001000000000000000000000000000000
1110010000000000000110100000000000000001001100000000000000000000
0001001000000010010001001000000000100000010000000000000000000000
0000000000010011100001000000000100110000000000100000000000000000
0001000000000000000000010000000000000000001100000000000000000000
0010000000000000100001100000000000000000011000000000000000000000
0001000000000000001000010000000000000100010100000000000000000000
0100001000010010001001000000000000111111010000000000000000000000
0010101000000000001000101010000000000000001010100000000000000000
0001011001100101000100000000011101011001000001000000000000000000
0101110000000000100001011000001000000000010100000000000000000000
1001000000000110000100000010001000100101000100000000000000000000
0000000000000000000000000000000000001010000000010000000000000000
0000001000100000100010000010011000101001100000000000000000000000
0000001000010000000000000000110011010000000000000000000000000000
0000000100110110100101000000001011100001000000010000000000000000
1000100100100000010010011001001010000100100011000000000000000000
0010000000000001000001000000000001010000000111000000000000000000
0100100000000000101101001100000000011001010011000000000000000000
0000100100000000000100001100001000000001010000010000000000000000
0000010000000000000000010000000000000000000000000000000000000000
0010110000000001010100101000000000000001101010000000000000000000
0010000000000100000000100000010001000000000100000000000000000000
0000010000000000100110000100001000000001100011000000000000000000
0000000010000000000000000000100000000010000000100000000000000000
0000000010010001000000101000100100000000001000000000000000000000
0001000000000001000000000000100110110000000000000000000000000000
0010000000000000011000100010000100000000000000000000000000000000
0110010101000000000001100101000001000000011000010000000000000000
0100000000000000000001000010010000101000000000010000000000000000
0001000000000000001010000001100001100010000100010000000000000000
1000010000000000000110000001001000000001100000010000000000000000
0000001011000000000000000000000000100000000000000000000000000000
0000010100000000000000110110100000000001000101010000000000000000
0000000010000001000000011010010100000000000000000000000000000000
1010001100000000000100010001000000001000000000000000000000000000
0100000001000000000101000000010000000000000000000000000000000000
1010010001000000010110100000110000111101000000010000000000000000
0000000000000000000001000000000001000000000000000000000000000000
0001000000000000000001001000101000010000010000000000000000000000
0000000000000000000000000100000000000000100000010000000000000000
0110000000110000010001100000000101000000001000000000000000000000
0010000000000000001100000000101000000000000000000000000000000000
0000000000000000000000000000100000000000010000100000000000000000
0100000001100010000100000000000000000100000000100000000000000000
1010100001000100000001001000000000000000100010000000000000000000
1001100000000000010000011000000000000010000111000000000000000000
0100000001010001000000000000100000110000000000000000000000000000
0000000010000100000000010010000000000000000011000000000000000000
0100000000000000000001000000000000001000000100000000000000000000
0001010000000000000000010000000000110000000000000000000000000000
0001100000000000000001001000000000000000000000000000000000000000
0000000000000000000000001000000000000000000000000000000000000000
0000000000000000101001000011000000001010010000000000000000000000
0001000001001000000000000000000000000000000000000000000000000000
0000001000000000000001000000000000000000000000000000000000000000
0000000000000000000000100100000000000000000000000000000000000000
0000010000000000000000000000000000000001000010000000000000000000
1000010000000100000000000000000010000010100001000000000000000000
0000000001000001001000100000000000000000000000010000000000000000
0001000000000000000011010000000000000000010100000000000000000000
0000000001000000110000110000010000000000000010000000000000000000
0000100000000000001000100000000010100000000000000000000000000000
0010100000000011010100100000001101100101000000100000000000000000
1001010000000000100100000100001000101000000100000000000000000000
0000000000110000100000000000100010010000000000000000000000000000
1000010000000000000000100001000000000001100101000000000000000000
1000100000000011000010101000100000010100001010000000000000000000
0000001000000000100000000000000000000000000001000000000000000000
0000000000000001000000000100000000000000000000000000000000000000
0000000000000000000000000000000000000100000000000000000000000000
0000000000010000000000000000000100010000100000000000000000000000
1100000000000010101000100000000001000000000100000000000000000000
0100000101010000100000000001000000010001000110000000000000000000
1000000000000000000010010000000000001000001000000000000000000000
1100000000100000000001000000000100000000010100000000000000000000
0000000010000000000000001000000001000100000000000000000000000000
0000000010000001100100000001001000001000011001000000000000000000
1001100000000000000010010000000000000000100100000000000000000000
1010000000010000000100001000000000000101001000010000000000000000
1000110000000000000110100000000000010000100001000000000000000000
0000000000000010000000000000000000000000011000010000000000000000
0000010010010100001000000000000000000100000000000000000000000000
0000000000000000010010000000000010000000000000000000000000000000
0000010000000000100000000000000000000000000000000000000000000000
0001000000110000000000000000000001000000000100000000000000000000
0000010000000000000010000000000000001000000010010000000000000000
0001001010111111000000010010110111110000000000100000000000000000
0000000000000100100000000000000100000010001000000000000000000000
0010000000000000000000011000000000001000000000100000000000000000
0000010000010010000010000110000000000000100000000000000000000000
0000100000010100000100101000000000001000000000000000000000000000
0000010000000000000000000000101000000000000000000000000000000000
0101000010000101000000010000100000010000000101000000000000000000
0010110000000000001000100100000000001100101010000000000000000000
0000100000000000010000000000000000000000010010000000000000000000
0000000000100100000010000000000000100000100000000000000000000000
0000000000000000000000000000100000001100000000000000000000000000
0000000011000000010000000000000000001001000010000000000000000000
0001000000000000000100000000000000000000000000010000000000000000
0011000000000000001000000000000000000000000000000000000000000000
0001000000000001100010011000001000001000010000000000000000000000
0000011001001100000100100000000000000000000010000000000000000000
0000000000000000001000010000001000000010010000000000000000000000
0000000000000000000000100000000000000000000100000000000000000000
0000001000001000000000100000000000000000000000000000000000000000
0000000001000000000000000001000000001000000010000000000000000000
0010000100000000101000000000100000000100010000000000000000000000
1000000000001000000000000001010000001000000000000000000000000000
0000000000100000010001010000000000100000000111000000000000000000
0001010000000000010000010000011100000000000100000000000000000000
0000000000000001000000100000000000000101000000000000000000000000
0000001000100000000000000000100000000010000000000000000000000000
0101100000000010000000001001100100000000000000000000000000000000
0000000000000000100000001000000000100010000000000000000000000000
1000000000000000000000000000000000000000000000000000000000000000
0000001000001000001000000000000000010100100000000000000000000000
0000000000000001000010000000000000000000100000000000000000000000
0000000000001010010000000000000000110000000000000000000000000000
0110001000000000000000000000001110000100010000000000000000000000
0010000000000000000000000000000000000000000000000000000000000000
1001000000000011000001000000001000000010000000000000000000000000
0000000100100010010000011000000000000000110001000000000000000000
0001100010000000000000000100000000000000010010000000000000000000
0000001011001000010000000000001000000100000000100000000000000000
0000100000000001010000010000000100101000010000000000000000000000
0000000001000000001000000000000000000000001000000000000000000000
0000000000000000000000010000000100000000000001000000000000000000
0000000000000000010110100000010000010000000000000000000000000000
0000100000101011100001000010000100000000010000000000000000000000
0001000000000000000000001000000000000000100000110000000000000000
0001100000000000010010000000000000100000010000000000000000000000
0000011000000000100000000001000000000000000000000000000000000000
0000000000000000010010000001000000000100000000010000000000000000
0000000000000000000001000000000100100000000000100000000000000000
0101000000000000000000000000000000000000000010000000000000000000
0000000000010000000000000000000000000000000100000000000000000000
0000000010000000000001000000000000000000000000010000000000000000
0010000000010100001010010000000000100010010000000000000000000000
0000100101000001000000000000000000000000001000000000000000000000
0000000000000100000000000000000100100001001000000000000000000000
0000000000000000000000000000000000000000000000100000000000000000
0000000000000000000000000011000000000000000000000000000000000000
0000100000100000000000000000100000000010000110100000000000000000
0000000000000001000010000000000000000000000010000000000000000000
0001000000000000100101000000000000001000000100000000000000000000
0001000000000010000110100010000000000000010000000000000000000000
0100000000000001100010000000000100000000000001000000000000000000
0000001001000010100000000000000000000000000000000000000000000000
0000000000100000000000001000000100000000000000000000000000000000
0000000000000000000000001000000000010000000000000000000000000000
0100001000100000010000000000000000000000000000000000000000000000
0000000000000100000000000000000000000000000000000000000000000000
0000000000001000001000000000100000001000000000000000000000000000
0010000000000000000000000100101000100010000000010000000000000000
0000001000000000000000000000000000000010000000000000000000000000
0000010000000000000000000001000000000001000000000000000000000000
0000000000001001000000000000001000000100000000000000000000000000
0000110000000100000000011100000000000000000010000000000000000000
0000000000100000010100000000100000001000000000000000000000000000
0000000001000000000000100000000000000100000000000000000000000000
1000100010010001010000001000000000000000000000000000000000000000
0000000000010010010001001000010000000000010000000000000000000000
1000100100010100010000000000000000010010010000000000000000000000
