0010000000110000110100000100000100010000000001010001100000010000
0100010000000001010000000010000000010000100100100000010001000000
0100100000001001000100000000000010001000100000100000000010000000
0000000000100010001010000010001001100000000010000000000010100000
0000000000100000000010000000101110001000000110000101000000000000
0001000010000000001000010000000010010000010000110000001010000000
0000000000000000100000000000000000010000001000001010100010001000
0010000000000000000101000010011010000000000000000000000000000000
0110000000100000010100000000000000000000000000000010000000011000
0000000000000010010011110100100001000010100100000000010001000001
0101010000000100111000000110000100000100000100011010100000010000
0000010101000001010000000000010100010111110001001000101001010001
0010000000000001001100000010010010000000000010010000000000000000
1001100000000000000000111000100001000001000010100101001000101001
0000000000001000000000000000000000000000000010000000000000001000
0000000100001000100000010000000100000000000010000000000001010000
1100010100000000000000000101000000000001000101000000001101010000
0000000000000100000000000001000000000000110000000000001100010001
0000000000100000000000100000100000000001000100000000010000111011
0010000100000001000110000100000000001000000110010100001101000011
0100000000011000010000101001000101000011000101000101000001000001
0010000011000000000001000000000110000100010000100000001000000000
0101010010000000001100000011000000001000000000010010000000000000
0000100000000000000100001000100000010000010010000000000000001001
0011001000101000000001000000100000001000000000100000000000101010
0000100000010000010000000100000100000011000100000001010100001100
0100000000000100011110000000000000010000000011001010100000010000
0000000000000001010000000000000000000010000000000000010100100000
0000000000100100000001010000000000010000000000011000000000000000
0010000000101010001010000010110001100000000000111000100000100010
0000000000000010100110000000110000000001000000101000010000001000
0011000000000000001001001000000010010100000000000000001000000000
0000000000000100110000000000000000010010100000000000100000000000
0000000000000100000110000000000010100000000001000000000010000000
0100100010111001000100000000000000000000000000000010000000000000
0000000001000010000001010000111000000001100000100001000100100001
0000000000000000110000000110010000001010000001000000100000000000
1100010001010001110000000101010000010010000000000000001001000101
0101000010000000101000000010001000101000000000000000001000100000
0001100000000000000000010001001000000001000000000100000000000000
0000001000001000000000000000010000000000000000000000000000000010
0100000000000000010000100010000000000110000000000000000000000010
1000010011000001000000000101000000010001000101000000001100000101
0001010000010000000000000000000000000100110000000000001100000000
0100000000101000000000000100010000000000000100000101000101001000
0000001000000000000000000000100000000000000000000100010000000000
0000000011011001000000000000000001001010000100000000000001001110
1010000100000000000100011000010000100000000000000000000000000000
1101011000000100101000000101000010001000000000010010000000000000
0001100010000001000100011000100000000000000010000001000000000000
0001001010101010000010100000101000101000000010000100000000001010
0000100000010000010000011000101000010011000000000001110101010001
1000100000010000010101000100000000110000000001000010100000010000
1001000000100000000000000000000000000000000000000000000000001001
0000001000100001100101010000000000000000001000010000000000000100
0001000000101010000000100000000000001000001000111000000010000000
0000000000100000000000100010000000000010000001000101000000100000
0001000100000000000001010000000111010000100000000000101000000000
0010000000010000011000000000010001010000001100001010000000000000
0000010000000010100010000000100000100000000000011000010010000000
0000000000100001000100000000000000000000000000000110000010000100
0000000100101010000010010000010000000001000100000001100001001000
0010010000010000111000000000010000000100000100011000000000010100
0000010001010101010000000100010000010100011101000000111001010101
0001001000000000001010000000000000100000000010011100101000000000
0100000000000000000000000000100000001011000000000100000001001100
0000011000000000001000100000000000000000000101010000100000101000
0000000000010100100000000000000001000000000010001010000000010110
0000010100010000000000000101000000010101000001000010001000010101
1100010000000000000000000000000000010000110001000010101100000000
1100100110101000000110000000000000000100001101000101000101001011
0000000111100000000000001000000000000000000100000000000100000001
0000000001010001110000100001000000000011110000000100000011000010
0000000000000010000000100000100000000100000011010100000000000000
1111000000000000000000000001000000000000010001010010001010000000
0000100000000000000100000000000000000000101000000001000010001001
0000000000000010000010001010101000101000000010000001000010100010
0000000000010000010000000001000000010011000100000000100000000100
0000000000010010000110000000100110000000100001010010100000010000
0000001000010100100000000000010001000000000000000000000000000000
0000000000100001000100000000000010001000000000000000001000001000
0000000000001010000010100000001000000000000000100000000000001000
0010100000000010000010010000001000000000001100100101000000001010
0000111000010000000001000000010110100000110000000000001000000000
0000010000000010000000000000010000000000001000001000100000100000
0000000000000000000000011000000010000000001000010000000010000000
0100100010100000110000000001000001000000000000000010000010101000
0000000100000100010000010000111100001001000000100001000000000000
0100010000000000100000100010011000001000000100010000000001010000
0000110100000001011000000001000100010110110001000010100101010000
1001000000000000100000000010100000100000000000010000000010000010
0110001000000000000000001011000000000101000010100110000100001010
0010001010000000000000010010011001101000100000100000001000000010
0001000000011000001000000010000000000000000000000000000000000000
0101010100000000000000000100000100000100000001010000000000000100
1001010111000000000000000001000000000000010001000010000100010000
0000000000100000001100100110001001001000001010000101010010000011
0000010000000100010101000001100000000001010000000000001000010000
0000010001000000000000000100100000010000000100000000101001001100
0000010000000000000000100000001000000000010000101000000000000000
0111000000000000001000000000000001010000010001010000001000000000
1000000010101000000100000000000010000000100000000000010000101001
0010000000100000000010000000101010001000000010100101000000000010
1000100001000100110000000000011100000100000000000000010000010001
0000000000010001010001000000000000000000100000000010000000100101
0000000001000100000000000000000001000000000101000000110000010000
0000000100010001000000000000000000000000001000000001000000000000
0000000000000010000010110010101001001000000000000100000001000000
0000000000000010100010000000100000000000000000000001010000000000
0000000000000000010001000000010100010000010000010000100010000000
0010000010010000101000000000000001010010000000001000000010001000
0000010000000011000011001000000010000000000000000000110100000000
0000100000000001000000000000000000000000000100000101010000000000
0000000000100010010011001000100000010001000000100101000100001001
0101000000000100000000000010000001001100001000010000000000010000
0100010101010000010000000001010100010000000101000010110001000100
1000001000000000100000000000000000101000011000000100001010000000
1001000100000000100000000010000000010100000000000101000000001000
0000000000000000100000001000000000010100000000000000000000000000
0000000010000010000010000000001001000000100100011010000000000000
0001010001000001000000000011000100000100010001010010001100000000
1011010001000000000100000001000100000110000000000010101000010000
1000000001010000000000000000010000000010000101010101000001001011
0010000100000000000000000000000000000000010001010000000000010000
0000000000001001000000100100100001010000000000000000000000100100
0000000100000000001000100000000000000100100000000000001000000000
0000010000000001000000000000000001000100010001010010001000100000
1000000000101001000100000000000000100010000010000000010000001000
0000001000101000000100000000001000001000000000000101000000111000
0000101000100000000000000000001100000010000000000000010001010001
0000000010100001000110000000000000000000100000000000101001000000
0100010100001000000000000000000000000001000001010000000000010100
0000000000000000000100000000100000010000000000000001000000000001
0000000010111000000010000000001001101000000000100100000010000001
0010001001100010100010100100001101000000101100010001010000100000
0000100010000000000000000000000010010000010010111010001000000000
0000000000100000000000100000010001100000000010000000000010000100
0000000000000000000101000000000000000000000010000000000000000000
0000000000000000000000000000000000000000000100000110010100000100
0000000000001000000001000100110100000101000101000000100001000001
0000000000000000100000100000000000001000000010000000000000000000
1000000001000000110000000001010000000000010001010010100010000100
0000000010000000000001000010000000000000000000010110001010000010
0000011000000000000000000000000000000100000010010100000100000000
0000001101000000001000010010000000000100000010100100000100000000
0000100000000000000000001000000100000000000001000000000000000000
0000000101000000000001001100000010000000010001000010100101000000
1000100110001100000000000011000000001100010001000010100100000000
0000000000001000000000000000000001000000000100000000000011000110
0011000110000000001001000100000000001000000001000010000100010010
0000000001000100000000000000000000000000000010000100001000000010
0010010000110000001100000000010000100000100000000000000000000000
1001100010000001000110000000000010101000000000000000000000100000
0000000000001000000000000000000000000000100000000000000000001101
0010001000101001000010100000101000100000000000100101000000001010
0000100000001100010000000000000001000000000000000000010001100100
0000000000101001000101100000000000000000001001000000100000000000
0000000100011000100001100000001000000100000000000100101001000000
0110000000001000000100000011010000000100000000100001000100000100
1010000000001000000010000000000000001010000000001100000010001000
0000000001100000000010100000001110000000000110000000000001000000
0001100010000000000110001010000000000000100000000000000000000000
0100000000010000001000000000000110000000101000001000000010000000
0000000010000000001010100010000000000000001000000000100100000000
0000101000010100000000000001000000001000000100000000010000100000
0000100001000100110000000001010100000000000000000000000001001001
0100000000000000000000000111000000001000000000011100010000010000
1000000000000001110000000000010100010100000001000010001011000100
0011110010000000000100000011000010000000010000011000000000000000
0001001100000000100000001001100100000001000100010100000000000010
0000000000010000000000010000010000100100000010010100000100000000
0000000000110000011010000000011001000010000000000000000000010000
1000000010000000000001000100000100000000010100000010101000000000
0000000100000000001000000001000000000100010000001010100100010000
0000000000000000010000000000000001000100000101000100010001001001
0000000001100100000100000000000110001000000000000000010100000000
0000000000100000010000010000000000000011000001010000000001010000
1000000100100000000100000100000010000000010010010000001000000000
0110000010000000000010100000000000000010100000001010000000000000
0000000000000001000001000000000010100000100000100000100000000011
0011001011100000000000001000101010100000000000001000000000000010
0000000000000000000010000000101000001001100000100001000001001100
0000000001100000100011000000000000000010100000000000000001000001
0010000000000010000000000000010000000010000100000000000000000100
0000000010000000000000000001000000000000010100000000010100000000
0010001010101010000010100000101000010000000000000001000000101000
0000000001000001100000000000000000000010100000100100000000100011
0001000010000000001010010010000010100000110000111000000110000000
0000100000000000001000000000000000000001000000000000000010000000
0000000010000000000000000001000000000000000000010000000100000000
0000000000000000000000000000000000000010000000000100000000110000
0000000000001010000000000000010100010001000000000100110001111100
0011000000000000101000000001011000000100000000011000010000000000
1111000100010100110000000100000000000100010001000010101001000000
0101000010000000000000000000000000000000010010010000000000000000
0100001100000000000000001001000010001100000000000101000000000000
0000110100000000000000000000000001000001011001010000000000000000
0001100000010011001000101100001010100011100000000000000000100000
0100000100000000100001000011000100000100010001001000001001000000
1000000000000100001100000001000000001100010001000010101000010010
0000000000000000000000000001000000000111000101100101000100001000
0000000000000100000000101100001000001001000000100000001100010000
0000110001100000000001000000000001000000000100000000000000000100
0000000000000000000010100000000000110000100000000010000010000010
1001010010000000000010000110000000001010000000001010000000000000
0000101000001001000100000100000000000000100000000000101000000001
0000000010101000000110001000101010100000001000100001000000001000
0000101001100011000000110000010001001000000000000001100001100000
0000000000100001000110000000000010000000101100000000100000000000
0000001000000000000000000000000000000000000000000000000000000000
0000000000000000000100000010000000000000000000001100000110010000
0000000000101011000010000000001000000000100110100000000000000000
0000000000100010000010000000000000000000100110000000000000000000
0000001000000010000010001000100110100000100000001000000000000010
0000100000010000100000000010000000000100000000000100010000000000
0110001000000000000000001000100000000000000000000001010100000000
0000000000010100010000000000000000000000000101000000100001000000
0000000001000010110000010101100100000110000000000001100000011000
0011000000000100101000000011000000000100000001010110000000000000
1001010001000100010000000000000010010000010000010010111001000100
0011010010100000000100000000000000100000010000010000001010000010
0000101000000000001000000001001110101100000000010000000000000000
0001000010100000000100000000100100000010000000000000001000000000
0000000000000000000000000010000000000000000000100000000000100000
0001000000000000111100000111000000000000010000000000111000000000
0100000101000100000000000001000100001100010001001000101000010000
0000000000001000000000000000000000001001000100000001110001000010
0000000100000000000101000101010100000000000000000000010000000001
0000001000010101000000001100000101010000000100000001000000100000
0000001010000011000111110000000000000000110010000000000010000000
0011100010000000001010100010000000001000000000010000000000000000
0000100000000001000000001000000000010011000000000001100000000001
0000100010101010000010100000100000101000000100001101000100001000
0000001000000000010000001000010100010000000001000000010000000100
0000000100000101000110000100000010000000100000000000101000000100
0000000101000000001000010101000000010000000000001000000001001001
0000000000011000000010000001000000001001000000000010000000000000
0000000000101000000010000000000001000000000000000000000001001001
0000000000000000000000000000000000000000000000000000000000000000
0000000000000000000000000000000000000000000000000000000000000000
0000000000000000000000000000000000000000000000000000000000000000
0000000000000000000000000000000000000000000000000000000000000000
0000000000000000000000000000000000000000000000000000000000000000
0000000000000000000000000000000000000000000000000000000000000000
0000000000000000000000000000000000000000000000000000000000000000
0000000000000000000000000000000000000000000000000000000000000000
0000000000000000000000000000000000000000000000000000000000000000
0000000000000000000000000000000000000000000000000000000000000000
0000000000000000000000000000000000000000000000000000000000000000
0000000000000000000000000000000000000000000000000000000000000000
0000000000000000000000000000000000000000000000000000000000000000
0000000000000000000000000000000000000000000000000000000000000000
0000000000000000000000000000000000000000000000000000000000000000
0000000000000000000000000000000000000000000000000000000000000000
0000000000000000000000000000000000000000000000000000000000000000
0000000000000000000000000000000000000000000000000000000000000000
