0000010110110010000000100001000100000000010011001000000000000000
0010000100001100000000011010110000000001001100000101000001000000
1010100000000001001000001000000000100000000100010000001000010000
0100010100000010000000100001000010010001000001000010000000100000
0000000000000100000100000000000000000000101000000001000001100001
0010010010100000000000000010000100101001000000000001000000100001
0001001000100010000000000000000000000000010000000000000000110000
0000110000000100000000010001000010000010000000100000000000001000
0110000000000000010000000000010000010000101000001001000000100000
0000000010010000100001000100001000000000000000000101010000000000
0000100000010000000000100000010010000000000010000001001000000000
0010000000100000010001000010000001100010010000000001000000000010
0100010100010000000000101000010100100001000100001001000000110000
0000000000000000000000100000100110000000000100010100000000010000
0000100000100001100000000000000000000000000010000000000001000010
0000010000110000100000000001001010000010001100100001001000000000
0000000000001100000001000001001000000001000100000000000000000100
0000110011000000110000000001101010100000100001000000001000010000
0000000000000001000000000000000000100000000000000001000001100000
0000110001010010000000001000001011000010001000000001000001100010
0010000000100001000001000000000100001000000000000001000000100000
0001110010000000000000111001101000101000000000010100000100000000
0000000100000000000001001010000000000000000000000001000001000000
0100000000100000000000001001010000100000000010000001100000000000
0000010000010000001001010101000100000010000100000100000000000100
0010000100011000000000101001011100100000001010100000000000000010
0000010000000000000000000000000110110000000000000000000010000000
0000000001000000000000110000000100001000000100000001000000000000
0000000000000000110000000000000000000000000000000000000000000000
1000100010010000000010000000110001110000001000000001001100001010
0100010000000000001000000000000010000000000000001001000100000000
1010100000000000000000010000000000111100000001000001000000100010
1000000000010000000000000000000000000001000000000000000110000000
0100000000000000000000100010000000100010100001000000100000000010
0000000000010000010010000000000000000000000000000000000000000000
1100000000000000000101000001000000001000100000000000000000000000
0000000000000000000000100000100000010000001000000000000000000000
0000000000000000000000101100100000100010000101100001000000000110
0000000000000001000000100000000100000000001000100000000000010100
0100100010000010100100100001001000100000110101000011000100000001
0000000100000000000000000000000000000000000000001000001000000100
0001000100101100000000001000000100000010000000000100000100011001
0000000000000000000000001001000000000000010100001000000000000000
0000000000000000101000001100000000000001100000000000000000001000
0000000000000000000000001000000010000000000100000000111000000000
0100000000010000010000100000000000000000010100000000001000000000
0000011000000000000000000011010000000010010100100000000000000010
0000000000000000010011000000000000000010000000000000000000000000
1100000000000100010000000000000001000100000000000000000000100000
0000010101010000001000000000100000010100000011010000001000000100
0000000000000000000000000001000000000110000000000001000000100001
1000000100000000000001000000000001110000100000000001000000000000
0000000000000000000000000001000000000000010000001000000000000000
1010000000000000000001000110000000010000000000100011000000000100
0000001000000010000000000000000000000000100000000001010000000000
0000000000000000100000000000001000000000000000000100000000000000
0000011000000001000000100000000000001000000000000000000000010000
0110000000110000001000011000000000000000001100000001000000000001
0000000000000001000000000100000000000000010000000010000000001011
0000000100100000001001000001000000000010010100010001000010000001
0000000000000000001000000000000000000000001000000000000000000000
0000010010001000000000000000000000000000000010000010000000000000
0000000000000000000000000001000000000100000000100000010000000000
0000010000010010010000011101000000000000100110001000000100000000
0000000000000100000000100000000000000001000001001000000000001000
0100000000000000000010001000000010000001011000000010000000000000
0000000000010000000000100000101100000000000000100000000000001001
0001001000000000001000000000000000000000000110000000010000000000
0000000000000000000010000000000000000000000000000000000100000000
0010000000001010000000001001100000000000010000000000001000001010
1000001000001000000100000001000000100000000000000001000000000000
0000010000100100000000000000010000000100110000000000001000100100
0000010000100000000100000000000000000000001100000000000000000100
1000010000000000001001000001000000000000000000100010100000000000
1000000100000000000000000000010000001000001100001101000000000000
0000010100000000000000000000000000000000101000000011100000100000
0000000000000000000000000000000000000010000000000000000000000100
0000000001100000000000101001100001000000011000000000100010000000
0000000000000000000000000000000000000000100000100000000000000000
1000010001000010000000001000000100101000000000100000100000000000
0000000000000000100000000000011001000000000000000001000011000000
0000000000100000000000000011000000100001000000000011000000100100
0010001000000000100000000000000000000000000010001000000000100000
0000000000000100110000000000000000010000000000000000000100110000
0100001000100000000000000010000000000000000000000001000000100000
0000001001100010000000000010000011000010010011000101100100000000
0000000000000000110100000000000000010001100000000000000100000000
1100000000000000000000000010000000000000000011000001000101100101
0000000000100000100000000000011000001000000000001001000000100000
0000000000100000000010100000010000000101000010000100001000000000
0000000011000000011001000001010000000000000000000001000000000000
0100000000000000010000000000000000000000011000000000000000000010
0010000000000000000001001101000100001000000000100000000000000000
0000100000000010001010000001000010000000000011100000001000001001
0000000000000000000000000100000000000010000010000000000000000000
0000100000000000101000000000000000000100010000000001000001100001
0100000000000000000000010001000000000000000000000000000000000000
1000000000000000000000001000000100000010000000000000000011000000
0000001000000000010000000000000000000000000000010100000000000000
0000000000001000000001000100010000000000010100100000001000000100
0000001000001001000000000000000000000000000000001010110000000001
0001000001000000011000011011001000000000010000100000010001001001
0010000000000001000000001000000100000000000000001000010100000000
0000010100101110000000100000010011001000001100000010000000100000
0000000000000000000000000000100000000000000000001001000001000000
0100000000000000000100000000010100000000000000000010000000000000
0000000000000000000000000000000000010000100000000000010000000100
0010000110110100100001000000000000010010010000000001101011010011
0000000000000000010000001000001000000000000000001000000000000000
0000000100000001010010000000000010000000000000000010000000010010
0000000010000000000000000010000000000000000000000000010000000000
0000000000000000000010000001000000000000000000110000000000000000
0000010000000000000000000011000000000000000010000010000000000110
0000110000001000001100010000000000000000001001000000010000000000
0000001000000000000000000100000000010000000000000001000010000000
0000000000000000000100000000001100010000000000000101001010100000
0000000000000000010000000000000000000010000001000010100000001000
0000100000000000001010000000000110000000011000000011000000000000
0000010000000000000000001000000000000000000000100000000000000000
0100000000100000000000000000000000000110000000000000000001100000
0010010000000011000000000000001000010000001000000000000000000000
0001000000000100000100000010000100000000100010000000000000000000
0000000010000100000000000000010000000000000010000000000000000000
0100000000000000010000000000010000000000000000100000100001000000
0000000000000000000010000001000000000000000000000000010000100000
0000000000010010000000000000000000001000000000000010001000010000
1000000000000001001001001000000000001000000000000000000000000000
0000010000010000010000100000100010000100001110000001000000000000
0000000000001000000010000010010000100000000000000000000000010000
0000000000001010001000100000000000000000000000010000010001101100
0000000001000000000100000000100000000000000000000000000000000000
0100000000000000000000000101000000010000000000000000001000000000
0000000000001000000000000000000001000000000000000000011011000001
0110000110001000001000000000100000000000000000000000101000000000
0001000000000000000000100000000000000000000000000000001000000000
1000100000101000000001000100000000000000000000010000010000000000
0000010000000011000000001001000100000000001000001000000000000000
0100001000000000000000000000010000000000000000000000001111000000
0000100010101000000001000000000100000001101000000000000000000000
1100000000010000010100001100000000000001001000000111000100000010
1010000000000000001000000000000000000000000010000000000000000000
0101000000100100010000001001000001000000011000000000000000100000
0001000000010001000000000000000000000000000000000000000000000000
0000000010000000000010000000001000000000000000000000010000101000
0000000000000000010110000000000100100000000100000100000000000000
0001000000000010011100100000000001000000001000000000110000001010
0000000000100001000000000000000000000000000000100101001000000000
0000010000111000011100000000100000000000000101100000100010010000
0000000000010010000000000001000000000100000000000000000000000100
0110010010000000000000000001000000000000000000100000000000010000
0000000000000000000000000000000000000000000000001000000000000000
0000000000000000000010000000000000000000001000000010010000010000
0000100000000000000000000000101000000000010000000000000000000000
0000000100000000010000001000000001000000010100000100000001010000
0000000000000100000000000000000000000000010000000000000000000000
0010010000000000000000000000000100000000000100100010100100000000
0000000100000001000000000000000000000000000000001000000000001010
1100000010000100000000110010000000010000000000000001000000000000
0000000000001100000010000000000001000100000000000000000000001000
1010100000000000000000110000001000000000000010000000010000110000
1000000001010010000000100000000100000001000100000000000000010000
0000000000001100000000000000000001000110001000000000101000000101
0000000000000001000000000000000001000000000001000000000010000000
0000010000000000000000000000010000000000000100000001000000000100
0000000000000001001010010010000000000000000000101000000100000000
0000100000010010010000100001010100000000000100000000000010000000
0000001001000000000101100000000010000001000100000000000000000000
0000000000000000000010000101000000000100000010100000001000010000
0000000000000101000000010000100000000000000000000000000000000000
0101001000000000000001000000000100000000000000000010000100000001
0000000000000000100000000000000000000000000001000111000000010000
0000000000101000000100000000000000000100100010000000100000000001
0010000010000000000000000001000000000000000000010000000100000000
0000000000000000000000000100011000000000000000010000001010100000
0000000000000000000000001000000000000000000000000000000000000000
0010000000100010000000100001000100000000100010000100001100000000
0100000000100000001000000001000000100000010000000000000000000000
0000000010000000000010000001101100000000010000100000000010000100
0001011000000000000000000000001000000000000010000001000000000000
0100000000110000010000000001100000000010010010000000000000000100
0000000000010000010000000000000010000000000000000010001001100000
0000000000001000010010000100000000000000000000000010000001001110
0000000000000000000001000000010000000000010001000000000000010000
0000000000111000000010001000000000100000000000000000011000000000
0001001000000000000000000000001000000000000000000001000001101001
0000100010000010000110000010000010000000000010000100010010010000
0000000000001001000000001000000000000000000100001000000000000000
1000000010000000000001100010010000101000000000000000000000001110
0000001010100000000000110000000010000000000000000000001000000100
0001100000000000000001000010000000000011000101000010001010000100
0000000010000000000000000000000001000000000000000000000000010010
0000000000000010001010000000000001000010000000000000000010000000
0000000010000100000000000001110000000000000000000000000000000000
0000000000100000000000000000001100000000000100000000000000001000
0000001100000000000000000010000001000000010000000000000000000000
0100100000000010010000000000000100101000000000010000000110100000
0100000010000000000000000000100000000000000000000000000000000000
0000100000000100101000000001000000000000000000000100000100000100
0001001000000000001000000000000100000000001000000000000000000010
0000000001000100100100000000011100000000001001100000100100101000
0000000000000000000010000100000000000000000000000000000101000000
0000000010000000000010010101001000101000000100000000001000000100
0000001000000000000000000000000000101010000000000000100000010000
0010000100000001000000000000000001000000000000000000010011000001
0000000000000011000000000000000000000100000000000010000000000000
1011000000000110000100000010000010000001000110000000000000100000
0000100001000000000010000000000000000000000000001000000000000010
0000000010000100000000011000000000000000000000000000000000000000
0000000000000000000000000000000000000000000000000000000000000000
0000000000000000000000000000000000000000000000000000000000000000
0000000000000000000000000000000000000000000000000000000000000000
0000000000000000000000000000000000000000000000000000000000000000
0000000000000000000000000000000000000000000000000000000000000000
0000000000000000000000000000000000000000000000000000000000000000
0000000000000000000000000000000000000000000000000000000000000000
0000000000000000000000000000000000000000000000000000000000000000
0000000000000000000000000000000000000000000000000000000000000000
0000000000000000000000000000000000000000000000000000000000000000
0000000000000000000000000000000000000000000000000000000000000000
0000000000000000000000000000000000000000000000000000000000000000
0000000000000000000000000000000000000000000000000000000000000000
0000000000000000000000000000000000000000000000000000000000000000
0000000000000000000000000000000000000000000000000000000000000000
0000000000000000000000000000000000000000000000000000000000000000
0000000000000000000000000000000000000000000000000000000000000000
0000000000000000000000000000000000000000000000000000000000000000
0000000000000000000000000000000000000000000000000000000000000000
0000000000000000000000000000000000000000000000000000000000000000
0000000000000000000000000000000000000000000000000000000000000000
0000000000000000000000000000000000000000000000000000000000000000
0000000000000000000000000000000000000000000000000000000000000000
0000000000000000000000000000000000000000000000000000000000000000
0000000000000000000000000000000000000000000000000000000000000000
0000000000000000000000000000000000000000000000000000000000000000
0000000000000000000000000000000000000000000000000000000000000000
0000000000000000000000000000000000000000000000000000000000000000
0000000000000000000000000000000000000000000000000000000000000000
0000000000000000000000000000000000000000000000000000000000000000
0000000000000000000000000000000000000000000000000000000000000000
0000000000000000000000000000000000000000000000000000000000000000
0000000000000000000000000000000000000000000000000000000000000000
0000000000000000000000000000000000000000000000000000000000000000
0000000000000000000000000000000000000000000000000000000000000000
0000000000000000000000000000000000000000000000000000000000000000
0000000000000000000000000000000000000000000000000000000000000000
0000000000000000000000000000000000000000000000000000000000000000
0000000000000000000000000000000000000000000000000000000000000000
0000000000000000000000000000000000000000000000000000000000000000
0000000000000000000000000000000000000000000000000000000000000000
0000000000000000000000000000000000000000000000000000000000000000
0000000000000000000000000000000000000000000000000000000000000000
0000000000000000000000000000000000000000000000000000000000000000
0000000000000000000000000000000000000000000000000000000000000000
0000000000000000000000000000000000000000000000000000000000000000
0000000000000000000000000000000000000000000000000000000000000000
0000000000000000000000000000000000000000000000000000000000000000
